-0.000038 0.000000
-0.000076 0.000000
-0.000114 0.000000
-0.000153 0.000000
-0.000191 0.000000
-0.000230 0.000000
-0.000269 0.000000
-0.000308 0.000000
-0.000347 0.000000
-0.000386 0.000000
-0.000426 0.000000
-0.000466 0.000000
-0.000505 0.000000
-0.000545 0.000000
-0.000585 0.000000
-0.000626 0.000000
-0.000666 0.000000
-0.000707 0.000000
-0.000747 0.000000
-0.000788 0.000000
-0.000829 0.000000
-0.000870 0.000000
-0.000912 0.000000
-0.000953 0.000000
-0.000995 0.000000
-0.001036 0.000000
-0.001078 0.000000
-0.001120 0.000000
-0.001162 0.000000
-0.001204 0.000000
-0.001246 0.000000
-0.001288 0.000000
-0.001330 0.000000
-0.001372 0.000000
-0.001414 0.000000
-0.001456 0.000000
-0.001498 0.000000
-0.001540 0.000000
-0.001581 0.000000
-0.001623 0.000000
-0.001665 0.000000
-0.001706 0.000000
-0.001747 0.000000
-0.001788 0.000000
-0.001828 0.000000
-0.001869 0.000000
-0.001909 0.000000
-0.001948 0.000000
-0.001988 0.000000
-0.002026 0.000000
-0.002065 0.000000
-0.002102 0.000000
-0.002140 0.000000
-0.002176 0.000000
-0.002212 0.000000
-0.002247 0.000000
-0.002282 0.000000
-0.002316 0.000000
-0.002349 0.000000
-0.002381 0.000000
-0.002412 0.000000
-0.002442 0.000000
-0.002471 0.000000
-0.002499 0.000000
-0.002526 0.000000
-0.002552 0.000000
-0.002576 0.000000
-0.002600 0.000000
-0.002621 0.000000
-0.002642 0.000000
-0.002661 0.000000
-0.002678 0.000000
-0.002694 0.000000
-0.002708 0.000000
-0.002721 0.000000
-0.002731 0.000000
-0.002740 0.000000
-0.002747 0.000000
-0.002752 0.000000
-0.002755 0.000000
-0.002756 0.000000
-0.002755 0.000000
-0.002752 0.000000
-0.002746 0.000000
-0.002738 0.000000
-0.002728 0.000000
-0.002715 0.000000
-0.002700 0.000000
-0.002682 0.000000
-0.002662 0.000000
-0.002639 0.000000
-0.002613 0.000000
-0.002585 0.000000
-0.002554 0.000000
-0.002520 0.000000
-0.002483 0.000000
-0.002443 0.000000
-0.002400 0.000000
-0.002354 0.000000
-0.002305 0.000000
-0.002253 0.000000
-0.002197 0.000000
-0.002139 0.000000
-0.002077 0.000000
-0.002012 0.000000
-0.001944 0.000000
-0.001872 0.000000
-0.001797 0.000000
-0.001719 0.000000
-0.001637 0.000000
-0.001552 0.000000
-0.001463 0.000000
-0.001371 0.000000
-0.001276 0.000000
-0.001177 0.000000
-0.001075 0.000000
-0.000969 0.000000
-0.000860 0.000000
-0.000747 0.000000
-0.000631 0.000000
-0.000512 0.000000
-0.000389 0.000000
-0.000263 0.000000
-0.000133 0.000000
0.000000 0.000000
0.000136 0.000000
0.000276 0.000000
0.000418 0.000000
0.000564 0.000000
0.000713 0.000000
0.000865 0.000000
0.001020 0.000000
0.001178 0.000000
0.001339 0.000000
0.001503 0.000000
0.001669 0.000000
0.001839 0.000000
0.002010 0.000000
0.002185 0.000000
0.002361 0.000000
0.002540 0.000000
0.002721 0.000000
0.002905 0.000000
0.003090 0.000000
0.003277 0.000000
0.003467 0.000000
0.003657 0.000000
0.003850 0.000000
0.004043 0.000000
0.004238 0.000000
0.004435 0.000000
0.004632 0.000000
0.004830 0.000000
0.005029 0.000000
0.005228 0.000000
0.005428 0.000000
0.005628 0.000000
0.005829 0.000000
0.006029 0.000000
0.006229 0.000000
0.006428 0.000000
0.006628 0.000000
0.006826 0.000000
0.007023 0.000000
0.007220 0.000000
0.007415 0.000000
0.007608 0.000000
0.007800 0.000000
0.007990 0.000000
0.008178 0.000000
0.008364 0.000000
0.008547 0.000000
0.008728 0.000000
0.008905 0.000000
0.009080 0.000000
0.009251 0.000000
0.009419 0.000000
0.009583 0.000000
0.009744 0.000000
0.009900 0.000000
0.010051 0.000000
0.010199 0.000000
0.010341 0.000000
0.010479 0.000000
0.010611 0.000000
0.010738 0.000000
0.010859 0.000000
0.010974 0.000000
0.011084 0.000000
0.011187 0.000000
0.011284 0.000000
0.011373 0.000000
0.011457 0.000000
0.011532 0.000000
0.011601 0.000000
0.011662 0.000000
0.011716 0.000000
0.011761 0.000000
0.011799 0.000000
0.011828 0.000000
0.011849 0.000000
0.011861 0.000000
0.011864 0.000000
0.011858 0.000000
0.011843 0.000000
0.011819 0.000000
0.011785 0.000000
0.011741 0.000000
0.011688 0.000000
0.011624 0.000000
0.011551 0.000000
0.011467 0.000000
0.011372 0.000000
0.011268 0.000000
0.011152 0.000000
0.011026 0.000000
0.010889 0.000000
0.010741 0.000000
0.010581 0.000000
0.010411 0.000000
0.010229 0.000000
0.010036 0.000000
0.009832 0.000000
0.009616 0.000000
0.009389 0.000000
0.009150 0.000000
0.008900 0.000000
0.008638 0.000000
0.008364 0.000000
0.008079 0.000000
0.007782 0.000000
0.007473 0.000000
0.007153 0.000000
0.006821 0.000000
0.006478 0.000000
0.006123 0.000000
0.005757 0.000000
0.005379 0.000000
0.004990 0.000000
0.004590 0.000000
0.004179 0.000000
0.003757 0.000000
0.003324 0.000000
0.002880 0.000000
0.002426 0.000000
0.001961 0.000000
0.001486 0.000000
0.001000 0.000000
0.000505 0.000000
-0.000000 0.000000
-0.000515 0.000000
-0.001039 0.000000
-0.001572 0.000000
-0.002114 0.000000
-0.002664 0.000000
-0.003223 0.000000
-0.003790 0.000000
-0.004365 0.000000
-0.004948 0.000000
-0.005538 0.000000
-0.006135 0.000000
-0.006738 0.000000
-0.007348 0.000000
-0.007964 0.000000
-0.008585 0.000000
-0.009212 0.000000
-0.009843 0.000000
-0.010479 0.000000
-0.011119 0.000000
-0.011763 0.000000
-0.012411 0.000000
-0.013061 0.000000
-0.013713 0.000000
-0.014368 0.000000
-0.015024 0.000000
-0.015682 0.000000
-0.016340 0.000000
-0.016998 0.000000
-0.017656 0.000000
-0.018314 0.000000
-0.018970 0.000000
-0.019624 0.000000
-0.020276 0.000000
-0.020926 0.000000
-0.021572 0.000000
-0.022214 0.000000
-0.022853 0.000000
-0.023486 0.000000
-0.024114 0.000000
-0.024735 0.000000
-0.025351 0.000000
-0.025959 0.000000
-0.026560 0.000000
-0.027152 0.000000
-0.027736 0.000000
-0.028310 0.000000
-0.028874 0.000000
-0.029428 0.000000
-0.029971 0.000000
-0.030502 0.000000
-0.031021 0.000000
-0.031527 0.000000
-0.032020 0.000000
-0.032499 0.000000
-0.032963 0.000000
-0.033412 0.000000
-0.033845 0.000000
-0.034262 0.000000
-0.034661 0.000000
-0.035044 0.000000
-0.035408 0.000000
-0.035753 0.000000
-0.036080 0.000000
-0.036386 0.000000
-0.036672 0.000000
-0.036937 0.000000
-0.037180 0.000000
-0.037402 0.000000
-0.037600 0.000000
-0.037776 0.000000
-0.037928 0.000000
-0.038055 0.000000
-0.038158 0.000000
-0.038235 0.000000
-0.038287 0.000000
-0.038312 0.000000
-0.038311 0.000000
-0.038282 0.000000
-0.038225 0.000000
-0.038140 0.000000
-0.038027 0.000000
-0.037884 0.000000
-0.037712 0.000000
-0.037509 0.000000
-0.037276 0.000000
-0.037013 0.000000
-0.036718 0.000000
-0.036391 0.000000
-0.036033 0.000000
-0.035642 0.000000
-0.035219 0.000000
-0.034762 0.000000
-0.034273 0.000000
-0.033749 0.000000
-0.033192 0.000000
-0.032601 0.000000
-0.031975 0.000000
-0.031314 0.000000
-0.030619 0.000000
-0.029889 0.000000
-0.029123 0.000000
-0.028322 0.000000
-0.027486 0.000000
-0.026613 0.000000
-0.025705 0.000000
-0.024761 0.000000
-0.023781 0.000000
-0.022765 0.000000
-0.021713 0.000000
-0.020625 0.000000
-0.019500 0.000000
-0.018339 0.000000
-0.017143 0.000000
-0.015910 0.000000
-0.014641 0.000000
-0.013336 0.000000
-0.011996 0.000000
-0.010619 0.000000
-0.009207 0.000000
-0.007760 0.000000
-0.006278 0.000000
-0.004760 0.000000
-0.003208 0.000000
-0.001621 0.000000
0.000000 0.000000
0.001655 0.000000
0.003344 0.000000
0.005066 0.000000
0.006821 0.000000
0.008609 0.000000
0.010429 0.000000
0.012281 0.000000
0.014165 0.000000
0.016079 0.000000
0.018024 0.000000
0.019999 0.000000
0.022004 0.000000
0.024038 0.000000
0.026101 0.000000
0.028191 0.000000
0.030309 0.000000
0.032454 0.000000
0.034625 0.000000
0.036821 0.000000
0.039043 0.000000
0.041289 0.000000
0.043558 0.000000
0.045851 0.000000
0.048165 0.000000
0.050502 0.000000
0.052859 0.000000
0.055236 0.000000
0.057632 0.000000
0.060047 0.000000
0.062479 0.000000
0.064928 0.000000
0.067393 0.000000
0.069874 0.000000
0.072369 0.000000
0.074877 0.000000
0.077398 0.000000
0.079930 0.000000
0.082473 0.000000
0.085027 0.000000
0.087589 0.000000
0.090159 0.000000
0.092736 0.000000
0.095319 0.000000
0.097908 0.000000
0.100501 0.000000
0.103097 0.000000
0.105695 0.000000
0.108294 0.000000
0.110894 0.000000
0.113493 0.000000
0.116090 0.000000
0.118684 0.000000
0.121275 0.000000
0.123861 0.000000
0.126441 0.000000
0.129014 0.000000
0.131579 0.000000
0.134135 0.000000
0.136682 0.000000
0.139217 0.000000
0.141741 0.000000
0.144251 0.000000
0.146748 0.000000
0.149229 0.000000
0.151695 0.000000
0.154143 0.000000
0.156573 0.000000
0.158984 0.000000
0.161375 0.000000
0.163744 0.000000
0.166092 0.000000
0.168416 0.000000
0.170717 0.000000
0.172992 0.000000
0.175241 0.000000
0.177463 0.000000
0.179657 0.000000
0.181823 0.000000
0.183958 0.000000
0.186063 0.000000
0.188136 0.000000
0.190177 0.000000
0.192184 0.000000
0.194157 0.000000
0.196094 0.000000
0.197996 0.000000
0.199861 0.000000
0.201688 0.000000
0.203477 0.000000
0.205226 0.000000
0.206936 0.000000
0.208605 0.000000
0.210232 0.000000
0.211817 0.000000
0.213359 0.000000
0.214857 0.000000
0.216311 0.000000
0.217721 0.000000
0.219085 0.000000
0.220402 0.000000
0.221673 0.000000
0.222896 0.000000
0.224072 0.000000
0.225199 0.000000
0.226278 0.000000
0.227307 0.000000
0.228286 0.000000
0.229215 0.000000
0.230093 0.000000
0.230920 0.000000
0.231696 0.000000
0.232420 0.000000
0.233092 0.000000
0.233711 0.000000
0.234278 0.000000
0.234791 0.000000
0.235252 0.000000
0.235659 0.000000
0.236012 0.000000
0.236312 0.000000
0.236557 0.000000
0.236749 0.000000
0.236887 0.000000
0.236970 0.000000
0.236999 0.000000
0.236975 0.000000
0.236895 0.000000
0.236762 0.000000
0.236575 0.000000
0.236333 0.000000
0.236038 0.000000
0.235689 0.000000
0.235286 0.000000
0.234830 0.000000
0.234320 0.000000
0.233758 0.000000
0.233143 0.000000
0.232475 0.000000
0.231755 0.000000
0.230984 0.000000
0.230160 0.000000
0.229286 0.000000
0.228361 0.000000
0.227386 0.000000
0.226360 0.000000
0.225286 0.000000
0.224162 0.000000
0.222990 0.000000
0.221770 0.000000
0.220503 0.000000
0.219188 0.000000
0.217828 0.000000
0.216422 0.000000
0.214971 0.000000
0.213476 0.000000
0.211937 0.000000
0.210354 0.000000
0.208730 0.000000
0.207064 0.000000
0.205357 0.000000
0.203611 0.000000
0.201824 0.000000
0.200000 0.000000
0.198137 0.000000
0.196238 0.000000
0.194302 0.000000
0.192331 0.000000
0.190326 0.000000
0.188288 0.000000
0.186216 0.000000
0.184113 0.000000
0.181979 0.000000
0.179815 0.000000
0.177622 0.000000
0.175401 0.000000
0.173153 0.000000
0.170879 0.000000
0.168580 0.000000
0.166256 0.000000
0.163909 0.000000
0.161540 0.000000
0.159150 0.000000
0.156740 0.000000
0.154310 0.000000
0.151862 0.000000
0.149397 0.000000
0.146915 0.000000
0.144419 0.000000
0.141908 0.000000
0.139384 0.000000
0.136848 0.000000
0.134301 0.000000
0.131744 0.000000
0.129178 0.000000
0.126604 0.000000
0.124023 0.000000
0.121436 0.000000
0.118844 0.000000
0.116248 0.000000
0.113650 0.000000
0.111049 0.000000
0.108448 0.000000
0.105847 0.000000
0.103247 0.000000
0.100649 0.000000
0.098055 0.000000
0.095464 0.000000
0.092879 0.000000
0.090299 0.000000
0.087727 0.000000
0.085162 0.000000
0.082607 0.000000
0.080061 0.000000
0.077526 0.000000
0.075002 0.000000
0.072491 0.000000
0.069993 0.000000
0.067510 0.000000
0.065042 0.000000
0.062590 0.000000
0.060154 0.000000
0.057736 0.000000
0.055337 0.000000
0.052956 0.000000
0.050596 0.000000
0.048256 0.000000
0.045938 0.000000
0.043642 0.000000
0.041369 0.000000
0.039120 0.000000
0.036894 0.000000
0.034694 0.000000
0.032519 0.000000
0.030371 0.000000
0.028249 0.000000
0.026155 0.000000
0.024089 0.000000
0.022051 0.000000
0.020042 0.000000
0.018063 0.000000
0.016114 0.000000
0.014196 0.000000
0.012308 0.000000
0.010453 0.000000
0.008629 0.000000
0.006837 0.000000
0.005078 0.000000
0.003352 0.000000
0.001659 0.000000
0.000000 0.000000
-0.001625 0.000000
-0.003216 0.000000
-0.004772 0.000000
-0.006293 0.000000
-0.007779 0.000000
-0.009230 0.000000
-0.010646 0.000000
-0.012026 0.000000
-0.013370 0.000000
-0.014679 0.000000
-0.015951 0.000000
-0.017188 0.000000
-0.018388 0.000000
-0.019552 0.000000
-0.020680 0.000000
-0.021772 0.000000
-0.022827 0.000000
-0.023847 0.000000
-0.024830 0.000000
-0.025777 0.000000
-0.026688 0.000000
-0.027563 0.000000
-0.028403 0.000000
-0.029207 0.000000
-0.029975 0.000000
-0.030708 0.000000
-0.031406 0.000000
-0.032069 0.000000
-0.032698 0.000000
-0.033292 0.000000
-0.033851 0.000000
-0.034377 0.000000
-0.034869 0.000000
-0.035328 0.000000
-0.035753 0.000000
-0.036146 0.000000
-0.036506 0.000000
-0.036835 0.000000
-0.037131 0.000000
-0.037397 0.000000
-0.037631 0.000000
-0.037835 0.000000
-0.038009 0.000000
-0.038153 0.000000
-0.038268 0.000000
-0.038354 0.000000
-0.038411 0.000000
-0.038441 0.000000
-0.038444 0.000000
-0.038419 0.000000
-0.038368 0.000000
-0.038292 0.000000
-0.038189 0.000000
-0.038062 0.000000
-0.037911 0.000000
-0.037736 0.000000
-0.037537 0.000000
-0.037316 0.000000
-0.037072 0.000000
-0.036807 0.000000
-0.036521 0.000000
-0.036214 0.000000
-0.035888 0.000000
-0.035542 0.000000
-0.035177 0.000000
-0.034794 0.000000
-0.034394 0.000000
-0.033976 0.000000
-0.033542 0.000000
-0.033092 0.000000
-0.032627 0.000000
-0.032147 0.000000
-0.031654 0.000000
-0.031146 0.000000
-0.030626 0.000000
-0.030093 0.000000
-0.029549 0.000000
-0.028993 0.000000
-0.028427 0.000000
-0.027851 0.000000
-0.027266 0.000000
-0.026672 0.000000
-0.026069 0.000000
-0.025459 0.000000
-0.024842 0.000000
-0.024218 0.000000
-0.023588 0.000000
-0.022952 0.000000
-0.022312 0.000000
-0.021668 0.000000
-0.021019 0.000000
-0.020367 0.000000
-0.019713 0.000000
-0.019056 0.000000
-0.018397 0.000000
-0.017737 0.000000
-0.017077 0.000000
-0.016416 0.000000
-0.015755 0.000000
-0.015095 0.000000
-0.014436 0.000000
-0.013778 0.000000
-0.013123 0.000000
-0.012470 0.000000
-0.011820 0.000000
-0.011173 0.000000
-0.010530 0.000000
-0.009891 0.000000
-0.009257 0.000000
-0.008628 0.000000
-0.008003 0.000000
-0.007385 0.000000
-0.006772 0.000000
-0.006166 0.000000
-0.005566 0.000000
-0.004973 0.000000
-0.004388 0.000000
-0.003810 0.000000
-0.003240 0.000000
-0.002678 0.000000
-0.002125 0.000000
-0.001580 0.000000
-0.001044 0.000000
-0.000517 0.000000
-0.000000 0.000000
0.000508 0.000000
0.001006 0.000000
0.001494 0.000000
0.001972 0.000000
0.002439 0.000000
0.002896 0.000000
0.003343 0.000000
0.003778 0.000000
0.004203 0.000000
0.004616 0.000000
0.005019 0.000000
0.005410 0.000000
0.005790 0.000000
0.006159 0.000000
0.006516 0.000000
0.006861 0.000000
0.007195 0.000000
0.007517 0.000000
0.007828 0.000000
0.008127 0.000000
0.008414 0.000000
0.008690 0.000000
0.008954 0.000000
0.009206 0.000000
0.009447 0.000000
0.009676 0.000000
0.009893 0.000000
0.010099 0.000000
0.010293 0.000000
0.010477 0.000000
0.010648 0.000000
0.010809 0.000000
0.010958 0.000000
0.011097 0.000000
0.011224 0.000000
0.011341 0.000000
0.011447 0.000000
0.011542 0.000000
0.011627 0.000000
0.011701 0.000000
0.011765 0.000000
0.011820 0.000000
0.011864 0.000000
0.011898 0.000000
0.011923 0.000000
0.011939 0.000000
0.011945 0.000000
0.011942 0.000000
0.011931 0.000000
0.011910 0.000000
0.011881 0.000000
0.011844 0.000000
0.011798 0.000000
0.011745 0.000000
0.011684 0.000000
0.011615 0.000000
0.011539 0.000000
0.011456 0.000000
0.011365 0.000000
0.011269 0.000000
0.011165 0.000000
0.011055 0.000000
0.010939 0.000000
0.010818 0.000000
0.010690 0.000000
0.010557 0.000000
0.010419 0.000000
0.010276 0.000000
0.010128 0.000000
0.009975 0.000000
0.009818 0.000000
0.009657 0.000000
0.009492 0.000000
0.009323 0.000000
0.009151 0.000000
0.008975 0.000000
0.008796 0.000000
0.008615 0.000000
0.008430 0.000000
0.008244 0.000000
0.008054 0.000000
0.007863 0.000000
0.007670 0.000000
0.007475 0.000000
0.007279 0.000000
0.007081 0.000000
0.006882 0.000000
0.006683 0.000000
0.006482 0.000000
0.006281 0.000000
0.006079 0.000000
0.005878 0.000000
0.005676 0.000000
0.005474 0.000000
0.005273 0.000000
0.005072 0.000000
0.004872 0.000000
0.004672 0.000000
0.004473 0.000000
0.004275 0.000000
0.004079 0.000000
0.003883 0.000000
0.003690 0.000000
0.003497 0.000000
0.003307 0.000000
0.003118 0.000000
0.002931 0.000000
0.002746 0.000000
0.002563 0.000000
0.002383 0.000000
0.002204 0.000000
0.002029 0.000000
0.001855 0.000000
0.001685 0.000000
0.001517 0.000000
0.001352 0.000000
0.001189 0.000000
0.001030 0.000000
0.000873 0.000000
0.000720 0.000000
0.000570 0.000000
0.000422 0.000000
0.000278 0.000000
0.000138 0.000000
0.000000 0.000000
-0.000134 0.000000
-0.000265 0.000000
-0.000393 0.000000
-0.000517 0.000000
-0.000637 0.000000
-0.000755 0.000000
-0.000868 0.000000
-0.000979 0.000000
-0.001085 0.000000
-0.001189 0.000000
-0.001289 0.000000
-0.001385 0.000000
-0.001478 0.000000
-0.001567 0.000000
-0.001654 0.000000
-0.001736 0.000000
-0.001815 0.000000
-0.001891 0.000000
-0.001963 0.000000
-0.002032 0.000000
-0.002098 0.000000
-0.002161 0.000000
-0.002220 0.000000
-0.002276 0.000000
-0.002328 0.000000
-0.002378 0.000000
-0.002424 0.000000
-0.002468 0.000000
-0.002508 0.000000
-0.002545 0.000000
-0.002580 0.000000
-0.002611 0.000000
-0.002640 0.000000
-0.002666 0.000000
-0.002689 0.000000
-0.002710 0.000000
-0.002728 0.000000
-0.002743 0.000000
-0.002756 0.000000
-0.002766 0.000000
-0.002774 0.000000
-0.002780 0.000000
-0.002783 0.000000
-0.002784 0.000000
-0.002783 0.000000
-0.002780 0.000000
-0.002775 0.000000
-0.002768 0.000000
-0.002759 0.000000
-0.002748 0.000000
-0.002736 0.000000
-0.002721 0.000000
-0.002705 0.000000
-0.002687 0.000000
-0.002668 0.000000
-0.002648 0.000000
-0.002625 0.000000
-0.002602 0.000000
-0.002577 0.000000
-0.002551 0.000000
-0.002524 0.000000
-0.002495 0.000000
-0.002466 0.000000
-0.002435 0.000000
-0.002403 0.000000
-0.002371 0.000000
-0.002338 0.000000
-0.002303 0.000000
-0.002268 0.000000
-0.002232 0.000000
-0.002196 0.000000
-0.002159 0.000000
-0.002121 0.000000
-0.002083 0.000000
-0.002044 0.000000
-0.002005 0.000000
-0.001965 0.000000
-0.001925 0.000000
-0.001884 0.000000
-0.001843 0.000000
-0.001802 0.000000
-0.001761 0.000000
-0.001719 0.000000
-0.001677 0.000000
-0.001635 0.000000
-0.001593 0.000000
-0.001551 0.000000
-0.001508 0.000000
-0.001466 0.000000
-0.001423 0.000000
-0.001381 0.000000
-0.001338 0.000000
-0.001296 0.000000
-0.001253 0.000000
-0.001211 0.000000
-0.001168 0.000000
-0.001126 0.000000
-0.001084 0.000000
-0.001042 0.000000
-0.001000 0.000000
-0.000958 0.000000
-0.000916 0.000000
-0.000874 0.000000
-0.000833 0.000000
-0.000792 0.000000
-0.000750 0.000000
-0.000709 0.000000
-0.000668 0.000000
-0.000628 0.000000
-0.000587 0.000000
-0.000547 0.000000
-0.000507 0.000000
-0.000467 0.000000
-0.000427 0.000000
-0.000387 0.000000
-0.000348 0.000000
-0.000308 0.000000
-0.000269 0.000000
-0.000230 0.000000
-0.000192 0.000000
-0.000153 0.000000
-0.000114 0.000000
-0.000076 0.000000
-0.000038 0.000000
-0.000000 0.000000
