-0.000019 0.000000
-0.000038 0.000000
-0.000057 0.000000
-0.000076 0.000000
-0.000096 0.000000
-0.000115 0.000000
-0.000135 0.000000
-0.000155 0.000000
-0.000175 0.000000
-0.000195 0.000000
-0.000215 0.000000
-0.000235 0.000000
-0.000256 0.000000
-0.000277 0.000000
-0.000298 0.000000
-0.000319 0.000000
-0.000341 0.000000
-0.000363 0.000000
-0.000385 0.000000
-0.000407 0.000000
-0.000429 0.000000
-0.000452 0.000000
-0.000476 0.000000
-0.000499 0.000000
-0.000523 0.000000
-0.000547 0.000000
-0.000572 0.000000
-0.000596 0.000000
-0.000622 0.000000
-0.000647 0.000000
-0.000673 0.000000
-0.000700 0.000000
-0.000726 0.000000
-0.000754 0.000000
-0.000781 0.000000
-0.000809 0.000000
-0.000838 0.000000
-0.000867 0.000000
-0.000896 0.000000
-0.000926 0.000000
-0.000956 0.000000
-0.000987 0.000000
-0.001019 0.000000
-0.001050 0.000000
-0.001083 0.000000
-0.001116 0.000000
-0.001149 0.000000
-0.001183 0.000000
-0.001217 0.000000
-0.001252 0.000000
-0.001288 0.000000
-0.001324 0.000000
-0.001361 0.000000
-0.001398 0.000000
-0.001436 0.000000
-0.001474 0.000000
-0.001513 0.000000
-0.001552 0.000000
-0.001592 0.000000
-0.001633 0.000000
-0.001674 0.000000
-0.001716 0.000000
-0.001759 0.000000
-0.001802 0.000000
-0.001845 0.000000
-0.001889 0.000000
-0.001934 0.000000
-0.001980 0.000000
-0.002026 0.000000
-0.002072 0.000000
-0.002120 0.000000
-0.002167 0.000000
-0.002216 0.000000
-0.002265 0.000000
-0.002314 0.000000
-0.002365 0.000000
-0.002415 0.000000
-0.002467 0.000000
-0.002519 0.000000
-0.002571 0.000000
-0.002624 0.000000
-0.002678 0.000000
-0.002732 0.000000
-0.002787 0.000000
-0.002842 0.000000
-0.002898 0.000000
-0.002954 0.000000
-0.003011 0.000000
-0.003068 0.000000
-0.003126 0.000000
-0.003184 0.000000
-0.003243 0.000000
-0.003302 0.000000
-0.003362 0.000000
-0.003422 0.000000
-0.003483 0.000000
-0.003544 0.000000
-0.003605 0.000000
-0.003667 0.000000
-0.003729 0.000000
-0.003792 0.000000
-0.003855 0.000000
-0.003918 0.000000
-0.003981 0.000000
-0.004045 0.000000
-0.004109 0.000000
-0.004174 0.000000
-0.004239 0.000000
-0.004303 0.000000
-0.004368 0.000000
-0.004434 0.000000
-0.004499 0.000000
-0.004565 0.000000
-0.004630 0.000000
-0.004696 0.000000
-0.004762 0.000000
-0.004828 0.000000
-0.004894 0.000000
-0.004960 0.000000
-0.005026 0.000000
-0.005092 0.000000
-0.005158 0.000000
-0.005224 0.000000
-0.005289 0.000000
-0.005355 0.000000
-0.005420 0.000000
-0.005485 0.000000
-0.005550 0.000000
-0.005615 0.000000
-0.005679 0.000000
-0.005743 0.000000
-0.005807 0.000000
-0.005870 0.000000
-0.005933 0.000000
-0.005996 0.000000
-0.006058 0.000000
-0.006119 0.000000
-0.006180 0.000000
-0.006241 0.000000
-0.006301 0.000000
-0.006360 0.000000
-0.006418 0.000000
-0.006476 0.000000
-0.006533 0.000000
-0.006589 0.000000
-0.006645 0.000000
-0.006699 0.000000
-0.006753 0.000000
-0.006806 0.000000
-0.006858 0.000000
-0.006909 0.000000
-0.006958 0.000000
-0.007007 0.000000
-0.007055 0.000000
-0.007101 0.000000
-0.007146 0.000000
-0.007190 0.000000
-0.007233 0.000000
-0.007275 0.000000
-0.007315 0.000000
-0.007353 0.000000
-0.007390 0.000000
-0.007426 0.000000
-0.007460 0.000000
-0.007493 0.000000
-0.007524 0.000000
-0.007553 0.000000
-0.007581 0.000000
-0.007607 0.000000
-0.007631 0.000000
-0.007654 0.000000
-0.007674 0.000000
-0.007693 0.000000
-0.007709 0.000000
-0.007724 0.000000
-0.007736 0.000000
-0.007747 0.000000
-0.007755 0.000000
-0.007761 0.000000
-0.007765 0.000000
-0.007767 0.000000
-0.007766 0.000000
-0.007763 0.000000
-0.007758 0.000000
-0.007750 0.000000
-0.007740 0.000000
-0.007727 0.000000
-0.007712 0.000000
-0.007694 0.000000
-0.007673 0.000000
-0.007650 0.000000
-0.007624 0.000000
-0.007595 0.000000
-0.007563 0.000000
-0.007528 0.000000
-0.007491 0.000000
-0.007450 0.000000
-0.007406 0.000000
-0.007360 0.000000
-0.007310 0.000000
-0.007257 0.000000
-0.007201 0.000000
-0.007142 0.000000
-0.007079 0.000000
-0.007013 0.000000
-0.006944 0.000000
-0.006871 0.000000
-0.006795 0.000000
-0.006716 0.000000
-0.006632 0.000000
-0.006546 0.000000
-0.006456 0.000000
-0.006362 0.000000
-0.006264 0.000000
-0.006163 0.000000
-0.006058 0.000000
-0.005949 0.000000
-0.005836 0.000000
-0.005719 0.000000
-0.005599 0.000000
-0.005474 0.000000
-0.005346 0.000000
-0.005213 0.000000
-0.005077 0.000000
-0.004936 0.000000
-0.004791 0.000000
-0.004642 0.000000
-0.004489 0.000000
-0.004332 0.000000
-0.004170 0.000000
-0.004004 0.000000
-0.003834 0.000000
-0.003660 0.000000
-0.003481 0.000000
-0.003297 0.000000
-0.003110 0.000000
-0.002917 0.000000
-0.002721 0.000000
-0.002519 0.000000
-0.002313 0.000000
-0.002103 0.000000
-0.001888 0.000000
-0.001668 0.000000
-0.001444 0.000000
-0.001215 0.000000
-0.000982 0.000000
-0.000743 0.000000
-0.000500 0.000000
-0.000253 0.000000
0.000000 0.000000
0.000257 0.000000
0.000519 0.000000
0.000786 0.000000
0.001058 0.000000
0.001335 0.000000
0.001616 0.000000
0.001903 0.000000
0.002194 0.000000
0.002490 0.000000
0.002791 0.000000
0.003097 0.000000
0.003408 0.000000
0.003724 0.000000
0.004044 0.000000
0.004370 0.000000
0.004701 0.000000
0.005036 0.000000
0.005377 0.000000
0.005722 0.000000
0.006072 0.000000
0.006428 0.000000
0.006788 0.000000
0.007153 0.000000
0.007524 0.000000
0.007899 0.000000
0.008279 0.000000
0.008664 0.000000
0.009054 0.000000
0.009449 0.000000
0.009848 0.000000
0.010253 0.000000
0.010663 0.000000
0.011077 0.000000
0.011496 0.000000
0.011921 0.000000
0.012350 0.000000
0.012783 0.000000
0.013222 0.000000
0.013665 0.000000
0.014113 0.000000
0.014566 0.000000
0.015024 0.000000
0.015486 0.000000
0.015953 0.000000
0.016425 0.000000
0.016901 0.000000
0.017382 0.000000
0.017867 0.000000
0.018357 0.000000
0.018852 0.000000
0.019350 0.000000
0.019854 0.000000
0.020362 0.000000
0.020874 0.000000
0.021390 0.000000
0.021911 0.000000
0.022436 0.000000
0.022965 0.000000
0.023499 0.000000
0.024037 0.000000
0.024578 0.000000
0.025124 0.000000
0.025674 0.000000
0.026228 0.000000
0.026786 0.000000
0.027347 0.000000
0.027913 0.000000
0.028482 0.000000
0.029055 0.000000
0.029632 0.000000
0.030212 0.000000
0.030796 0.000000
0.031384 0.000000
0.031975 0.000000
0.032569 0.000000
0.033167 0.000000
0.033768 0.000000
0.034372 0.000000
0.034980 0.000000
0.035590 0.000000
0.036204 0.000000
0.036821 0.000000
0.037440 0.000000
0.038063 0.000000
0.038688 0.000000
0.039316 0.000000
0.039947 0.000000
0.040581 0.000000
0.041217 0.000000
0.041855 0.000000
0.042496 0.000000
0.043139 0.000000
0.043785 0.000000
0.044433 0.000000
0.045082 0.000000
0.045734 0.000000
0.046388 0.000000
0.047044 0.000000
0.047702 0.000000
0.048361 0.000000
0.049022 0.000000
0.049685 0.000000
0.050349 0.000000
0.051015 0.000000
0.051681 0.000000
0.052350 0.000000
0.053019 0.000000
0.053690 0.000000
0.054361 0.000000
0.055034 0.000000
0.055707 0.000000
0.056382 0.000000
0.057056 0.000000
0.057732 0.000000
0.058408 0.000000
0.059085 0.000000
0.059761 0.000000
0.060439 0.000000
0.061116 0.000000
0.061793 0.000000
0.062471 0.000000
0.063148 0.000000
0.063825 0.000000
0.064502 0.000000
0.065179 0.000000
0.065855 0.000000
0.066531 0.000000
0.067206 0.000000
0.067880 0.000000
0.068553 0.000000
0.069226 0.000000
0.069897 0.000000
0.070568 0.000000
0.071237 0.000000
0.071905 0.000000
0.072572 0.000000
0.073238 0.000000
0.073901 0.000000
0.074563 0.000000
0.075224 0.000000
0.075883 0.000000
0.076539 0.000000
0.077194 0.000000
0.077847 0.000000
0.078497 0.000000
0.079145 0.000000
0.079791 0.000000
0.080434 0.000000
0.081075 0.000000
0.081713 0.000000
0.082349 0.000000
0.082981 0.000000
0.083611 0.000000
0.084238 0.000000
0.084861 0.000000
0.085482 0.000000
0.086099 0.000000
0.086712 0.000000
0.087323 0.000000
0.087929 0.000000
0.088532 0.000000
0.089132 0.000000
0.089727 0.000000
0.090319 0.000000
0.090906 0.000000
0.091490 0.000000
0.092069 0.000000
0.092644 0.000000
0.093215 0.000000
0.093781 0.000000
0.094343 0.000000
0.094900 0.000000
0.095452 0.000000
0.096000 0.000000
0.096543 0.000000
0.097081 0.000000
0.097613 0.000000
0.098141 0.000000
0.098664 0.000000
0.099181 0.000000
0.099693 0.000000
0.100199 0.000000
0.100700 0.000000
0.101196 0.000000
0.101686 0.000000
0.102170 0.000000
0.102648 0.000000
0.103121 0.000000
0.103587 0.000000
0.104047 0.000000
0.104502 0.000000
0.104950 0.000000
0.105392 0.000000
0.105827 0.000000
0.106257 0.000000
0.106679 0.000000
0.107096 0.000000
0.107505 0.000000
0.107909 0.000000
0.108305 0.000000
0.108694 0.000000
0.109077 0.000000
0.109453 0.000000
0.109822 0.000000
0.110184 0.000000
0.110539 0.000000
0.110887 0.000000
0.111227 0.000000
0.111561 0.000000
0.111887 0.000000
0.112206 0.000000
0.112517 0.000000
0.112821 0.000000
0.113117 0.000000
0.113406 0.000000
0.113688 0.000000
0.113961 0.000000
0.114228 0.000000
0.114486 0.000000
0.114737 0.000000
0.114979 0.000000
0.115214 0.000000
0.115442 0.000000
0.115661 0.000000
0.115872 0.000000
0.116076 0.000000
0.116271 0.000000
0.116458 0.000000
0.116638 0.000000
0.116809 0.000000
0.116972 0.000000
0.117127 0.000000
0.117273 0.000000
0.117412 0.000000
0.117542 0.000000
0.117664 0.000000
0.117778 0.000000
0.117884 0.000000
0.117981 0.000000
0.118070 0.000000
0.118150 0.000000
0.118223 0.000000
0.118287 0.000000
0.118342 0.000000
0.118389 0.000000
0.118428 0.000000
0.118459 0.000000
0.118481 0.000000
0.118494 0.000000
0.118500 0.000000
0.118497 0.000000
0.118485 0.000000
0.118465 0.000000
0.118437 0.000000
0.118400 0.000000
0.118355 0.000000
0.118302 0.000000
0.118240 0.000000
0.118170 0.000000
0.118091 0.000000
0.118005 0.000000
0.117909 0.000000
0.117806 0.000000
0.117694 0.000000
0.117574 0.000000
0.117446 0.000000
0.117310 0.000000
0.117165 0.000000
0.117012 0.000000
0.116851 0.000000
0.116682 0.000000
0.116505 0.000000
0.116320 0.000000
0.116126 0.000000
0.115925 0.000000
0.115716 0.000000
0.115498 0.000000
0.115273 0.000000
0.115040 0.000000
0.114799 0.000000
0.114551 0.000000
0.114294 0.000000
0.114030 0.000000
0.113758 0.000000
0.113479 0.000000
0.113192 0.000000
0.112897 0.000000
0.112595 0.000000
0.112286 0.000000
0.111969 0.000000
0.111644 0.000000
0.111313 0.000000
0.110974 0.000000
0.110628 0.000000
0.110275 0.000000
0.109915 0.000000
0.109547 0.000000
0.109173 0.000000
0.108792 0.000000
0.108404 0.000000
0.108009 0.000000
0.107608 0.000000
0.107200 0.000000
0.106785 0.000000
0.106364 0.000000
0.105936 0.000000
0.105502 0.000000
0.105062 0.000000
0.104615 0.000000
0.104162 0.000000
0.103703 0.000000
0.103238 0.000000
0.102767 0.000000
0.102290 0.000000
0.101807 0.000000
0.101319 0.000000
0.100825 0.000000
0.100325 0.000000
0.099820 0.000000
0.099309 0.000000
0.098793 0.000000
0.098271 0.000000
0.097745 0.000000
0.097213 0.000000
0.096676 0.000000
0.096135 0.000000
0.095588 0.000000
0.095037 0.000000
0.094480 0.000000
0.093920 0.000000
0.093354 0.000000
0.092785 0.000000
0.092210 0.000000
0.091632 0.000000
0.091049 0.000000
0.090463 0.000000
0.089872 0.000000
0.089277 0.000000
0.088679 0.000000
0.088076 0.000000
0.087470 0.000000
0.086861 0.000000
0.086248 0.000000
0.085631 0.000000
0.085011 0.000000
0.084388 0.000000
0.083762 0.000000
0.083133 0.000000
0.082501 0.000000
0.081866 0.000000
0.081228 0.000000
0.080588 0.000000
0.079945 0.000000
0.079299 0.000000
0.078651 0.000000
0.078001 0.000000
0.077349 0.000000
0.076694 0.000000
0.076038 0.000000
0.075379 0.000000
0.074719 0.000000
0.074057 0.000000
0.073393 0.000000
0.072728 0.000000
0.072061 0.000000
0.071393 0.000000
0.070724 0.000000
0.070053 0.000000
0.069381 0.000000
0.068709 0.000000
0.068035 0.000000
0.067361 0.000000
0.066685 0.000000
0.066010 0.000000
0.065333 0.000000
0.064656 0.000000
0.063979 0.000000
0.063302 0.000000
0.062624 0.000000
0.061946 0.000000
0.061268 0.000000
0.060591 0.000000
0.059913 0.000000
0.059236 0.000000
0.058559 0.000000
0.057882 0.000000
0.057206 0.000000
0.056530 0.000000
0.055856 0.000000
0.055182 0.000000
0.054508 0.000000
0.053836 0.000000
0.053165 0.000000
0.052495 0.000000
0.051826 0.000000
0.051158 0.000000
0.050491 0.000000
0.049826 0.000000
0.049163 0.000000
0.048501 0.000000
0.047841 0.000000
0.047182 0.000000
0.046526 0.000000
0.045871 0.000000
0.045218 0.000000
0.044567 0.000000
0.043918 0.000000
0.043272 0.000000
0.042628 0.000000
0.041986 0.000000
0.041346 0.000000
0.040709 0.000000
0.040074 0.000000
0.039442 0.000000
0.038813 0.000000
0.038187 0.000000
0.037563 0.000000
0.036942 0.000000
0.036324 0.000000
0.035709 0.000000
0.035097 0.000000
0.034488 0.000000
0.033883 0.000000
0.033280 0.000000
0.032681 0.000000
0.032086 0.000000
0.031493 0.000000
0.030905 0.000000
0.030319 0.000000
0.029737 0.000000
0.029159 0.000000
0.028585 0.000000
0.028014 0.000000
0.027447 0.000000
0.026884 0.000000
0.026325 0.000000
0.025770 0.000000
0.025219 0.000000
0.024671 0.000000
0.024128 0.000000
0.023589 0.000000
0.023054 0.000000
0.022523 0.000000
0.021996 0.000000
0.021474 0.000000
0.020956 0.000000
0.020442 0.000000
0.019933 0.000000
0.019428 0.000000
0.018928 0.000000
0.018432 0.000000
0.017940 0.000000
0.017453 0.000000
0.016971 0.000000
0.016493 0.000000
0.016020 0.000000
0.015552 0.000000
0.015088 0.000000
0.014629 0.000000
0.014174 0.000000
0.013724 0.000000
0.013279 0.000000
0.012839 0.000000
0.012404 0.000000
0.011973 0.000000
0.011548 0.000000
0.011127 0.000000
0.010711 0.000000
0.010300 0.000000
0.009893 0.000000
0.009492 0.000000
0.009096 0.000000
0.008704 0.000000
0.008317 0.000000
0.007936 0.000000
0.007559 0.000000
0.007187 0.000000
0.006820 0.000000
0.006459 0.000000
0.006102 0.000000
0.005750 0.000000
0.005403 0.000000
0.005061 0.000000
0.004724 0.000000
0.004392 0.000000
0.004064 0.000000
0.003742 0.000000
0.003425 0.000000
0.003113 0.000000
0.002805 0.000000
0.002503 0.000000
0.002205 0.000000
0.001912 0.000000
0.001625 0.000000
0.001342 0.000000
0.001064 0.000000
0.000791 0.000000
0.000522 0.000000
0.000259 0.000000
0.000000 0.000000
-0.000254 0.000000
-0.000503 0.000000
-0.000747 0.000000
-0.000987 0.000000
-0.001222 0.000000
-0.001452 0.000000
-0.001678 0.000000
-0.001899 0.000000
-0.002115 0.000000
-0.002327 0.000000
-0.002534 0.000000
-0.002736 0.000000
-0.002934 0.000000
-0.003128 0.000000
-0.003317 0.000000
-0.003501 0.000000
-0.003681 0.000000
-0.003857 0.000000
-0.004028 0.000000
-0.004195 0.000000
-0.004358 0.000000
-0.004516 0.000000
-0.004671 0.000000
-0.004821 0.000000
-0.004966 0.000000
-0.005108 0.000000
-0.005246 0.000000
-0.005379 0.000000
-0.005508 0.000000
-0.005634 0.000000
-0.005755 0.000000
-0.005873 0.000000
-0.005987 0.000000
-0.006096 0.000000
-0.006202 0.000000
-0.006305 0.000000
-0.006403 0.000000
-0.006498 0.000000
-0.006589 0.000000
-0.006676 0.000000
-0.006760 0.000000
-0.006841 0.000000
-0.006917 0.000000
-0.006991 0.000000
-0.007061 0.000000
-0.007127 0.000000
-0.007191 0.000000
-0.007251 0.000000
-0.007307 0.000000
-0.007361 0.000000
-0.007411 0.000000
-0.007458 0.000000
-0.007503 0.000000
-0.007544 0.000000
-0.007582 0.000000
-0.007617 0.000000
-0.007649 0.000000
-0.007679 0.000000
-0.007705 0.000000
-0.007729 0.000000
-0.007750 0.000000
-0.007769 0.000000
-0.007784 0.000000
-0.007798 0.000000
-0.007808 0.000000
-0.007816 0.000000
-0.007822 0.000000
-0.007825 0.000000
-0.007826 0.000000
-0.007825 0.000000
-0.007821 0.000000
-0.007815 0.000000
-0.007807 0.000000
-0.007797 0.000000
-0.007784 0.000000
-0.007770 0.000000
-0.007753 0.000000
-0.007735 0.000000
-0.007715 0.000000
-0.007692 0.000000
-0.007668 0.000000
-0.007642 0.000000
-0.007615 0.000000
-0.007585 0.000000
-0.007554 0.000000
-0.007522 0.000000
-0.007488 0.000000
-0.007452 0.000000
-0.007415 0.000000
-0.007376 0.000000
-0.007336 0.000000
-0.007294 0.000000
-0.007251 0.000000
-0.007207 0.000000
-0.007162 0.000000
-0.007115 0.000000
-0.007068 0.000000
-0.007019 0.000000
-0.006969 0.000000
-0.006918 0.000000
-0.006866 0.000000
-0.006813 0.000000
-0.006759 0.000000
-0.006704 0.000000
-0.006648 0.000000
-0.006592 0.000000
-0.006534 0.000000
-0.006476 0.000000
-0.006417 0.000000
-0.006358 0.000000
-0.006298 0.000000
-0.006237 0.000000
-0.006176 0.000000
-0.006114 0.000000
-0.006051 0.000000
-0.005989 0.000000
-0.005925 0.000000
-0.005861 0.000000
-0.005797 0.000000
-0.005733 0.000000
-0.005668 0.000000
-0.005603 0.000000
-0.005538 0.000000
-0.005472 0.000000
-0.005406 0.000000
-0.005340 0.000000
-0.005274 0.000000
-0.005208 0.000000
-0.005141 0.000000
-0.005075 0.000000
-0.005009 0.000000
-0.004942 0.000000
-0.004876 0.000000
-0.004809 0.000000
-0.004743 0.000000
-0.004676 0.000000
-0.004610 0.000000
-0.004544 0.000000
-0.004478 0.000000
-0.004412 0.000000
-0.004347 0.000000
-0.004281 0.000000
-0.004216 0.000000
-0.004151 0.000000
-0.004086 0.000000
-0.004022 0.000000
-0.003958 0.000000
-0.003894 0.000000
-0.003830 0.000000
-0.003767 0.000000
-0.003704 0.000000
-0.003642 0.000000
-0.003580 0.000000
-0.003518 0.000000
-0.003457 0.000000
-0.003396 0.000000
-0.003336 0.000000
-0.003276 0.000000
-0.003217 0.000000
-0.003158 0.000000
-0.003100 0.000000
-0.003042 0.000000
-0.002984 0.000000
-0.002927 0.000000
-0.002871 0.000000
-0.002815 0.000000
-0.002760 0.000000
-0.002705 0.000000
-0.002651 0.000000
-0.002597 0.000000
-0.002544 0.000000
-0.002492 0.000000
-0.002440 0.000000
-0.002389 0.000000
-0.002338 0.000000
-0.002288 0.000000
-0.002238 0.000000
-0.002189 0.000000
-0.002141 0.000000
-0.002093 0.000000
-0.002046 0.000000
-0.001999 0.000000
-0.001953 0.000000
-0.001908 0.000000
-0.001863 0.000000
-0.001819 0.000000
-0.001776 0.000000
-0.001733 0.000000
-0.001690 0.000000
-0.001649 0.000000
-0.001607 0.000000
-0.001567 0.000000
-0.001527 0.000000
-0.001487 0.000000
-0.001449 0.000000
-0.001410 0.000000
-0.001373 0.000000
-0.001336 0.000000
-0.001299 0.000000
-0.001263 0.000000
-0.001228 0.000000
-0.001193 0.000000
-0.001159 0.000000
-0.001125 0.000000
-0.001092 0.000000
-0.001059 0.000000
-0.001027 0.000000
-0.000995 0.000000
-0.000964 0.000000
-0.000933 0.000000
-0.000903 0.000000
-0.000873 0.000000
-0.000844 0.000000
-0.000815 0.000000
-0.000787 0.000000
-0.000759 0.000000
-0.000731 0.000000
-0.000704 0.000000
-0.000677 0.000000
-0.000651 0.000000
-0.000625 0.000000
-0.000600 0.000000
-0.000575 0.000000
-0.000550 0.000000
-0.000526 0.000000
-0.000502 0.000000
-0.000478 0.000000
-0.000454 0.000000
-0.000431 0.000000
-0.000409 0.000000
-0.000386 0.000000
-0.000364 0.000000
-0.000342 0.000000
-0.000320 0.000000
-0.000299 0.000000
-0.000278 0.000000
-0.000257 0.000000
-0.000236 0.000000
-0.000215 0.000000
-0.000195 0.000000
-0.000175 0.000000
-0.000155 0.000000
-0.000135 0.000000
-0.000116 0.000000
-0.000096 0.000000
-0.000077 0.000000
-0.000057 0.000000
-0.000038 0.000000
-0.000019 0.000000
-0.000000 0.000000
