0.000019 0.000000
0.000038 0.000000
0.000057 0.000000
0.000077 0.000000
0.000096 0.000000
0.000115 0.000000
0.000135 0.000000
0.000155 0.000000
0.000175 0.000000
0.000195 0.000000
0.000216 0.000000
0.000236 0.000000
0.000257 0.000000
0.000278 0.000000
0.000299 0.000000
0.000321 0.000000
0.000343 0.000000
0.000365 0.000000
0.000387 0.000000
0.000410 0.000000
0.000433 0.000000
0.000457 0.000000
0.000481 0.000000
0.000505 0.000000
0.000529 0.000000
0.000554 0.000000
0.000580 0.000000
0.000606 0.000000
0.000632 0.000000
0.000659 0.000000
0.000686 0.000000
0.000714 0.000000
0.000742 0.000000
0.000771 0.000000
0.000801 0.000000
0.000830 0.000000
0.000861 0.000000
0.000892 0.000000
0.000924 0.000000
0.000956 0.000000
0.000989 0.000000
0.001023 0.000000
0.001057 0.000000
0.001092 0.000000
0.001128 0.000000
0.001164 0.000000
0.001201 0.000000
0.001239 0.000000
0.001277 0.000000
0.001317 0.000000
0.001357 0.000000
0.001398 0.000000
0.001440 0.000000
0.001482 0.000000
0.001526 0.000000
0.001570 0.000000
0.001615 0.000000
0.001661 0.000000
0.001708 0.000000
0.001756 0.000000
0.001805 0.000000
0.001855 0.000000
0.001906 0.000000
0.001958 0.000000
0.002011 0.000000
0.002064 0.000000
0.002119 0.000000
0.002175 0.000000
0.002232 0.000000
0.002290 0.000000
0.002349 0.000000
0.002410 0.000000
0.002471 0.000000
0.002534 0.000000
0.002597 0.000000
0.002662 0.000000
0.002728 0.000000
0.002796 0.000000
0.002864 0.000000
0.002934 0.000000
0.003005 0.000000
0.003077 0.000000
0.003151 0.000000
0.003225 0.000000
0.003302 0.000000
0.003379 0.000000
0.003458 0.000000
0.003538 0.000000
0.003619 0.000000
0.003702 0.000000
0.003786 0.000000
0.003872 0.000000
0.003959 0.000000
0.004048 0.000000
0.004138 0.000000
0.004229 0.000000
0.004322 0.000000
0.004416 0.000000
0.004512 0.000000
0.004610 0.000000
0.004708 0.000000
0.004809 0.000000
0.004911 0.000000
0.005015 0.000000
0.005120 0.000000
0.005226 0.000000
0.005335 0.000000
0.005445 0.000000
0.005556 0.000000
0.005670 0.000000
0.005784 0.000000
0.005901 0.000000
0.006019 0.000000
0.006139 0.000000
0.006261 0.000000
0.006384 0.000000
0.006509 0.000000
0.006636 0.000000
0.006764 0.000000
0.006895 0.000000
0.007027 0.000000
0.007161 0.000000
0.007296 0.000000
0.007434 0.000000
0.007573 0.000000
0.007714 0.000000
0.007857 0.000000
0.008001 0.000000
0.008148 0.000000
0.008296 0.000000
0.008447 0.000000
0.008599 0.000000
0.008753 0.000000
0.008909 0.000000
0.009067 0.000000
0.009226 0.000000
0.009388 0.000000
0.009552 0.000000
0.009717 0.000000
0.009885 0.000000
0.010054 0.000000
0.010225 0.000000
0.010399 0.000000
0.010574 0.000000
0.010751 0.000000
0.010930 0.000000
0.011112 0.000000
0.011295 0.000000
0.011480 0.000000
0.011667 0.000000
0.011856 0.000000
0.012048 0.000000
0.012241 0.000000
0.012436 0.000000
0.012634 0.000000
0.012833 0.000000
0.013034 0.000000
0.013238 0.000000
0.013443 0.000000
0.013651 0.000000
0.013861 0.000000
0.014072 0.000000
0.014286 0.000000
0.014502 0.000000
0.014720 0.000000
0.014940 0.000000
0.015162 0.000000
0.015386 0.000000
0.015612 0.000000
0.015841 0.000000
0.016071 0.000000
0.016303 0.000000
0.016538 0.000000
0.016774 0.000000
0.017013 0.000000
0.017254 0.000000
0.017497 0.000000
0.017742 0.000000
0.017989 0.000000
0.018238 0.000000
0.018489 0.000000
0.018743 0.000000
0.018998 0.000000
0.019255 0.000000
0.019515 0.000000
0.019777 0.000000
0.020040 0.000000
0.020306 0.000000
0.020574 0.000000
0.020844 0.000000
0.021116 0.000000
0.021390 0.000000
0.021666 0.000000
0.021944 0.000000
0.022224 0.000000
0.022506 0.000000
0.022791 0.000000
0.023077 0.000000
0.023365 0.000000
0.023656 0.000000
0.023948 0.000000
0.024243 0.000000
0.024539 0.000000
0.024837 0.000000
0.025138 0.000000
0.025440 0.000000
0.025745 0.000000
0.026051 0.000000
0.026359 0.000000
0.026670 0.000000
0.026982 0.000000
0.027296 0.000000
0.027612 0.000000
0.027930 0.000000
0.028250 0.000000
0.028572 0.000000
0.028896 0.000000
0.029222 0.000000
0.029549 0.000000
0.029879 0.000000
0.030210 0.000000
0.030543 0.000000
0.030878 0.000000
0.031215 0.000000
0.031554 0.000000
0.031894 0.000000
0.032236 0.000000
0.032580 0.000000
0.032926 0.000000
0.033274 0.000000
0.033623 0.000000
0.033974 0.000000
0.034327 0.000000
0.034681 0.000000
0.035038 0.000000
0.035395 0.000000
0.035755 0.000000
0.036116 0.000000
0.036479 0.000000
0.036843 0.000000
0.037209 0.000000
0.037577 0.000000
0.037946 0.000000
0.038317 0.000000
0.038689 0.000000
0.039063 0.000000
0.039439 0.000000
0.039815 0.000000
0.040194 0.000000
0.040574 0.000000
0.040955 0.000000
0.041338 0.000000
0.041722 0.000000
0.042107 0.000000
0.042494 0.000000
0.042882 0.000000
0.043272 0.000000
0.043663 0.000000
0.044055 0.000000
0.044449 0.000000
0.044843 0.000000
0.045239 0.000000
0.045637 0.000000
0.046035 0.000000
0.046435 0.000000
0.046836 0.000000
0.047238 0.000000
0.047641 0.000000
0.048045 0.000000
0.048450 0.000000
0.048857 0.000000
0.049264 0.000000
0.049672 0.000000
0.050082 0.000000
0.050492 0.000000
0.050904 0.000000
0.051316 0.000000
0.051729 0.000000
0.052143 0.000000
0.052558 0.000000
0.052974 0.000000
0.053391 0.000000
0.053808 0.000000
0.054227 0.000000
0.054646 0.000000
0.055065 0.000000
0.055486 0.000000
0.055907 0.000000
0.056329 0.000000
0.056751 0.000000
0.057174 0.000000
0.057598 0.000000
0.058022 0.000000
0.058447 0.000000
0.058872 0.000000
0.059298 0.000000
0.059724 0.000000
0.060150 0.000000
0.060577 0.000000
0.061005 0.000000
0.061433 0.000000
0.061861 0.000000
0.062289 0.000000
0.062718 0.000000
0.063147 0.000000
0.063576 0.000000
0.064005 0.000000
0.064435 0.000000
0.064865 0.000000
0.065295 0.000000
0.065725 0.000000
0.066155 0.000000
0.066585 0.000000
0.067015 0.000000
0.067445 0.000000
0.067875 0.000000
0.068305 0.000000
0.068735 0.000000
0.069165 0.000000
0.069594 0.000000
0.070024 0.000000
0.070453 0.000000
0.070882 0.000000
0.071311 0.000000
0.071739 0.000000
0.072167 0.000000
0.072595 0.000000
0.073023 0.000000
0.073450 0.000000
0.073876 0.000000
0.074303 0.000000
0.074728 0.000000
0.075153 0.000000
0.075578 0.000000
0.076002 0.000000
0.076426 0.000000
0.076849 0.000000
0.077271 0.000000
0.077692 0.000000
0.078113 0.000000
0.078533 0.000000
0.078953 0.000000
0.079371 0.000000
0.079789 0.000000
0.080206 0.000000
0.080622 0.000000
0.081037 0.000000
0.081451 0.000000
0.081864 0.000000
0.082277 0.000000
0.082688 0.000000
0.083098 0.000000
0.083507 0.000000
0.083915 0.000000
0.084322 0.000000
0.084728 0.000000
0.085132 0.000000
0.085535 0.000000
0.085937 0.000000
0.086338 0.000000
0.086737 0.000000
0.087136 0.000000
0.087532 0.000000
0.087928 0.000000
0.088322 0.000000
0.088714 0.000000
0.089105 0.000000
0.089495 0.000000
0.089883 0.000000
0.090269 0.000000
0.090654 0.000000
0.091037 0.000000
0.091419 0.000000
0.091798 0.000000
0.092177 0.000000
0.092553 0.000000
0.092928 0.000000
0.093301 0.000000
0.093672 0.000000
0.094041 0.000000
0.094409 0.000000
0.094775 0.000000
0.095138 0.000000
0.095500 0.000000
0.095860 0.000000
0.096218 0.000000
0.096573 0.000000
0.096927 0.000000
0.097279 0.000000
0.097628 0.000000
0.097976 0.000000
0.098321 0.000000
0.098664 0.000000
0.099005 0.000000
0.099344 0.000000
0.099680 0.000000
0.100014 0.000000
0.100346 0.000000
0.100676 0.000000
0.101003 0.000000
0.101328 0.000000
0.101650 0.000000
0.101971 0.000000
0.102288 0.000000
0.102603 0.000000
0.102916 0.000000
0.103226 0.000000
0.103534 0.000000
0.103839 0.000000
0.104141 0.000000
0.104441 0.000000
0.104738 0.000000
0.105033 0.000000
0.105324 0.000000
0.105614 0.000000
0.105900 0.000000
0.106184 0.000000
0.106465 0.000000
0.106743 0.000000
0.107018 0.000000
0.107291 0.000000
0.107561 0.000000
0.107827 0.000000
0.108091 0.000000
0.108352 0.000000
0.108610 0.000000
0.108866 0.000000
0.109118 0.000000
0.109367 0.000000
0.109613 0.000000
0.109856 0.000000
0.110096 0.000000
0.110334 0.000000
0.110568 0.000000
0.110798 0.000000
0.111026 0.000000
0.111251 0.000000
0.111472 0.000000
0.111691 0.000000
0.111906 0.000000
0.112118 0.000000
0.112326 0.000000
0.112532 0.000000
0.112734 0.000000
0.112933 0.000000
0.113129 0.000000
0.113321 0.000000
0.113510 0.000000
0.113696 0.000000
0.113878 0.000000
0.114058 0.000000
0.114233 0.000000
0.114406 0.000000
0.114574 0.000000
0.114740 0.000000
0.114902 0.000000
0.115061 0.000000
0.115216 0.000000
0.115368 0.000000
0.115516 0.000000
0.115661 0.000000
0.115802 0.000000
0.115940 0.000000
0.116074 0.000000
0.116205 0.000000
0.116332 0.000000
0.116456 0.000000
0.116576 0.000000
0.116693 0.000000
0.116806 0.000000
0.116915 0.000000
0.117021 0.000000
0.117123 0.000000
0.117222 0.000000
0.117317 0.000000
0.117408 0.000000
0.117496 0.000000
0.117580 0.000000
0.117660 0.000000
0.117737 0.000000
0.117810 0.000000
0.117880 0.000000
0.117946 0.000000
0.118008 0.000000
0.118066 0.000000
0.118121 0.000000
0.118172 0.000000
0.118220 0.000000
0.118263 0.000000
0.118303 0.000000
0.118340 0.000000
0.118372 0.000000
0.118401 0.000000
0.118426 0.000000
0.118448 0.000000
0.118466 0.000000
0.118480 0.000000
0.118490 0.000000
0.118497 0.000000
0.118500 0.000000
0.118499 0.000000
0.118494 0.000000
0.118486 0.000000
0.118474 0.000000
0.118459 0.000000
0.118439 0.000000
0.118416 0.000000
0.118389 0.000000
0.118359 0.000000
0.118325 0.000000
0.118287 0.000000
0.118245 0.000000
0.118200 0.000000
0.118151 0.000000
0.118098 0.000000
0.118042 0.000000
0.117982 0.000000
0.117918 0.000000
0.117851 0.000000
0.117780 0.000000
0.117705 0.000000
0.117627 0.000000
0.117545 0.000000
0.117459 0.000000
0.117370 0.000000
0.117277 0.000000
0.117181 0.000000
0.117081 0.000000
0.116977 0.000000
0.116869 0.000000
0.116759 0.000000
0.116644 0.000000
0.116526 0.000000
0.116404 0.000000
0.116279 0.000000
0.116151 0.000000
0.116018 0.000000
0.115882 0.000000
0.115743 0.000000
0.115600 0.000000
0.115454 0.000000
0.115304 0.000000
0.115151 0.000000
0.114995 0.000000
0.114834 0.000000
0.114671 0.000000
0.114504 0.000000
0.114334 0.000000
0.114160 0.000000
0.113983 0.000000
0.113802 0.000000
0.113619 0.000000
0.113431 0.000000
0.113241 0.000000
0.113047 0.000000
0.112850 0.000000
0.112650 0.000000
0.112446 0.000000
0.112239 0.000000
0.112029 0.000000
0.111816 0.000000
0.111599 0.000000
0.111380 0.000000
0.111157 0.000000
0.110931 0.000000
0.110702 0.000000
0.110470 0.000000
0.110234 0.000000
0.109996 0.000000
0.109755 0.000000
0.109510 0.000000
0.109263 0.000000
0.109012 0.000000
0.108759 0.000000
0.108502 0.000000
0.108243 0.000000
0.107981 0.000000
0.107716 0.000000
0.107448 0.000000
0.107177 0.000000
0.106903 0.000000
0.106626 0.000000
0.106347 0.000000
0.106065 0.000000
0.105780 0.000000
0.105493 0.000000
0.105202 0.000000
0.104909 0.000000
0.104614 0.000000
0.104315 0.000000
0.104014 0.000000
0.103711 0.000000
0.103405 0.000000
0.103096 0.000000
0.102785 0.000000
0.102471 0.000000
0.102155 0.000000
0.101836 0.000000
0.101515 0.000000
0.101192 0.000000
0.100866 0.000000
0.100538 0.000000
0.100207 0.000000
0.099874 0.000000
0.099539 0.000000
0.099202 0.000000
0.098862 0.000000
0.098520 0.000000
0.098176 0.000000
0.097830 0.000000
0.097482 0.000000
0.097131 0.000000
0.096779 0.000000
0.096424 0.000000
0.096067 0.000000
0.095709 0.000000
0.095348 0.000000
0.094986 0.000000
0.094621 0.000000
0.094255 0.000000
0.093886 0.000000
0.093516 0.000000
0.093144 0.000000
0.092771 0.000000
0.092395 0.000000
0.092018 0.000000
0.091639 0.000000
0.091258 0.000000
0.090876 0.000000
0.090492 0.000000
0.090107 0.000000
0.089720 0.000000
0.089331 0.000000
0.088941 0.000000
0.088549 0.000000
0.088156 0.000000
0.087762 0.000000
0.087366 0.000000
0.086968 0.000000
0.086570 0.000000
0.086170 0.000000
0.085768 0.000000
0.085366 0.000000
0.084962 0.000000
0.084557 0.000000
0.084151 0.000000
0.083744 0.000000
0.083335 0.000000
0.082926 0.000000
0.082515 0.000000
0.082103 0.000000
0.081691 0.000000
0.081277 0.000000
0.080862 0.000000
0.080447 0.000000
0.080031 0.000000
0.079613 0.000000
0.079195 0.000000
0.078776 0.000000
0.078357 0.000000
0.077936 0.000000
0.077515 0.000000
0.077093 0.000000
0.076671 0.000000
0.076247 0.000000
0.075824 0.000000
0.075399 0.000000
0.074974 0.000000
0.074549 0.000000
0.074123 0.000000
0.073697 0.000000
0.073270 0.000000
0.072842 0.000000
0.072415 0.000000
0.071987 0.000000
0.071559 0.000000
0.071130 0.000000
0.070701 0.000000
0.070272 0.000000
0.069842 0.000000
0.069413 0.000000
0.068983 0.000000
0.068553 0.000000
0.068123 0.000000
0.067693 0.000000
0.067263 0.000000
0.066833 0.000000
0.066403 0.000000
0.065973 0.000000
0.065543 0.000000
0.065113 0.000000
0.064683 0.000000
0.064254 0.000000
0.063824 0.000000
0.063395 0.000000
0.062966 0.000000
0.062537 0.000000
0.062108 0.000000
0.061680 0.000000
0.061252 0.000000
0.060824 0.000000
0.060397 0.000000
0.059970 0.000000
0.059543 0.000000
0.059117 0.000000
0.058692 0.000000
0.058267 0.000000
0.057842 0.000000
0.057418 0.000000
0.056995 0.000000
0.056572 0.000000
0.056150 0.000000
0.055728 0.000000
0.055308 0.000000
0.054887 0.000000
0.054468 0.000000
0.054049 0.000000
0.053631 0.000000
0.053214 0.000000
0.052798 0.000000
0.052382 0.000000
0.051968 0.000000
0.051554 0.000000
0.051141 0.000000
0.050729 0.000000
0.050318 0.000000
0.049908 0.000000
0.049499 0.000000
0.049091 0.000000
0.048684 0.000000
0.048278 0.000000
0.047873 0.000000
0.047469 0.000000
0.047067 0.000000
0.046665 0.000000
0.046265 0.000000
0.045865 0.000000
0.045467 0.000000
0.045071 0.000000
0.044675 0.000000
0.044281 0.000000
0.043888 0.000000
0.043496 0.000000
0.043106 0.000000
0.042717 0.000000
0.042329 0.000000
0.041943 0.000000
0.041558 0.000000
0.041174 0.000000
0.040792 0.000000
0.040411 0.000000
0.040032 0.000000
0.039654 0.000000
0.039278 0.000000
0.038903 0.000000
0.038530 0.000000
0.038158 0.000000
0.037788 0.000000
0.037419 0.000000
0.037052 0.000000
0.036687 0.000000
0.036323 0.000000
0.035961 0.000000
0.035600 0.000000
0.035242 0.000000
0.034884 0.000000
0.034529 0.000000
0.034175 0.000000
0.033823 0.000000
0.033473 0.000000
0.033124 0.000000
0.032777 0.000000
0.032432 0.000000
0.032089 0.000000
0.031747 0.000000
0.031407 0.000000
0.031070 0.000000
0.030733 0.000000
0.030399 0.000000
0.030067 0.000000
0.029736 0.000000
0.029407 0.000000
0.029081 0.000000
0.028756 0.000000
0.028433 0.000000
0.028111 0.000000
0.027792 0.000000
0.027475 0.000000
0.027160 0.000000
0.026846 0.000000
0.026535 0.000000
0.026225 0.000000
0.025918 0.000000
0.025612 0.000000
0.025308 0.000000
0.025007 0.000000
0.024707 0.000000
0.024409 0.000000
0.024114 0.000000
0.023820 0.000000
0.023529 0.000000
0.023239 0.000000
0.022951 0.000000
0.022666 0.000000
0.022382 0.000000
0.022101 0.000000
0.021822 0.000000
0.021544 0.000000
0.021269 0.000000
0.020996 0.000000
0.020725 0.000000
0.020456 0.000000
0.020189 0.000000
0.019924 0.000000
0.019661 0.000000
0.019400 0.000000
0.019141 0.000000
0.018885 0.000000
0.018630 0.000000
0.018377 0.000000
0.018127 0.000000
0.017879 0.000000
0.017633 0.000000
0.017388 0.000000
0.017146 0.000000
0.016906 0.000000
0.016668 0.000000
0.016433 0.000000
0.016199 0.000000
0.015967 0.000000
0.015738 0.000000
0.015510 0.000000
0.015285 0.000000
0.015062 0.000000
0.014840 0.000000
0.014621 0.000000
0.014404 0.000000
0.014189 0.000000
0.013976 0.000000
0.013765 0.000000
0.013556 0.000000
0.013350 0.000000
0.013145 0.000000
0.012942 0.000000
0.012742 0.000000
0.012543 0.000000
0.012347 0.000000
0.012152 0.000000
0.011960 0.000000
0.011769 0.000000
0.011581 0.000000
0.011394 0.000000
0.011210 0.000000
0.011027 0.000000
0.010847 0.000000
0.010668 0.000000
0.010492 0.000000
0.010317 0.000000
0.010145 0.000000
0.009974 0.000000
0.009806 0.000000
0.009639 0.000000
0.009474 0.000000
0.009311 0.000000
0.009151 0.000000
0.008992 0.000000
0.008835 0.000000
0.008679 0.000000
0.008526 0.000000
0.008375 0.000000
0.008225 0.000000
0.008077 0.000000
0.007932 0.000000
0.007788 0.000000
0.007645 0.000000
0.007505 0.000000
0.007367 0.000000
0.007230 0.000000
0.007095 0.000000
0.006962 0.000000
0.006831 0.000000
0.006701 0.000000
0.006573 0.000000
0.006447 0.000000
0.006323 0.000000
0.006200 0.000000
0.006079 0.000000
0.005960 0.000000
0.005842 0.000000
0.005726 0.000000
0.005612 0.000000
0.005499 0.000000
0.005388 0.000000
0.005279 0.000000
0.005171 0.000000
0.005065 0.000000
0.004961 0.000000
0.004858 0.000000
0.004756 0.000000
0.004657 0.000000
0.004558 0.000000
0.004461 0.000000
0.004366 0.000000
0.004272 0.000000
0.004180 0.000000
0.004089 0.000000
0.004000 0.000000
0.003912 0.000000
0.003825 0.000000
0.003740 0.000000
0.003657 0.000000
0.003574 0.000000
0.003493 0.000000
0.003414 0.000000
0.003335 0.000000
0.003259 0.000000
0.003183 0.000000
0.003109 0.000000
0.003036 0.000000
0.002964 0.000000
0.002893 0.000000
0.002824 0.000000
0.002756 0.000000
0.002689 0.000000
0.002624 0.000000
0.002559 0.000000
0.002496 0.000000
0.002434 0.000000
0.002373 0.000000
0.002313 0.000000
0.002254 0.000000
0.002197 0.000000
0.002140 0.000000
0.002085 0.000000
0.002030 0.000000
0.001977 0.000000
0.001924 0.000000
0.001873 0.000000
0.001823 0.000000
0.001773 0.000000
0.001725 0.000000
0.001677 0.000000
0.001630 0.000000
0.001585 0.000000
0.001540 0.000000
0.001496 0.000000
0.001453 0.000000
0.001410 0.000000
0.001369 0.000000
0.001328 0.000000
0.001288 0.000000
0.001249 0.000000
0.001211 0.000000
0.001174 0.000000
0.001137 0.000000
0.001101 0.000000
0.001065 0.000000
0.001031 0.000000
0.000997 0.000000
0.000963 0.000000
0.000931 0.000000
0.000899 0.000000
0.000867 0.000000
0.000836 0.000000
0.000806 0.000000
0.000776 0.000000
0.000747 0.000000
0.000719 0.000000
0.000690 0.000000
0.000663 0.000000
0.000636 0.000000
0.000609 0.000000
0.000583 0.000000
0.000557 0.000000
0.000532 0.000000
0.000507 0.000000
0.000483 0.000000
0.000459 0.000000
0.000435 0.000000
0.000412 0.000000
0.000389 0.000000
0.000366 0.000000
0.000344 0.000000
0.000322 0.000000
0.000300 0.000000
0.000279 0.000000
0.000258 0.000000
0.000237 0.000000
0.000216 0.000000
0.000196 0.000000
0.000175 0.000000
0.000155 0.000000
0.000135 0.000000
0.000116 0.000000
0.000096 0.000000
0.000077 0.000000
0.000057 0.000000
0.000038 0.000000
0.000019 0.000000
0.000000 0.000000
