-0.000019 0.000000
-0.000038 0.000000
-0.000057 0.000000
-0.000076 0.000000
-0.000096 0.000000
-0.000115 0.000000
-0.000134 0.000000
-0.000154 0.000000
-0.000174 0.000000
-0.000193 0.000000
-0.000213 0.000000
-0.000233 0.000000
-0.000253 0.000000
-0.000273 0.000000
-0.000293 0.000000
-0.000313 0.000000
-0.000333 0.000000
-0.000353 0.000000
-0.000374 0.000000
-0.000394 0.000000
-0.000415 0.000000
-0.000435 0.000000
-0.000456 0.000000
-0.000477 0.000000
-0.000497 0.000000
-0.000518 0.000000
-0.000539 0.000000
-0.000560 0.000000
-0.000581 0.000000
-0.000602 0.000000
-0.000623 0.000000
-0.000644 0.000000
-0.000665 0.000000
-0.000686 0.000000
-0.000707 0.000000
-0.000728 0.000000
-0.000749 0.000000
-0.000770 0.000000
-0.000791 0.000000
-0.000812 0.000000
-0.000832 0.000000
-0.000853 0.000000
-0.000873 0.000000
-0.000894 0.000000
-0.000914 0.000000
-0.000934 0.000000
-0.000954 0.000000
-0.000974 0.000000
-0.000994 0.000000
-0.001013 0.000000
-0.001032 0.000000
-0.001051 0.000000
-0.001070 0.000000
-0.001088 0.000000
-0.001106 0.000000
-0.001124 0.000000
-0.001141 0.000000
-0.001158 0.000000
-0.001174 0.000000
-0.001190 0.000000
-0.001206 0.000000
-0.001221 0.000000
-0.001236 0.000000
-0.001250 0.000000
-0.001263 0.000000
-0.001276 0.000000
-0.001288 0.000000
-0.001300 0.000000
-0.001311 0.000000
-0.001321 0.000000
-0.001330 0.000000
-0.001339 0.000000
-0.001347 0.000000
-0.001354 0.000000
-0.001360 0.000000
-0.001366 0.000000
-0.001370 0.000000
-0.001374 0.000000
-0.001376 0.000000
-0.001378 0.000000
-0.001378 0.000000
-0.001378 0.000000
-0.001376 0.000000
-0.001373 0.000000
-0.001369 0.000000
-0.001364 0.000000
-0.001358 0.000000
-0.001350 0.000000
-0.001341 0.000000
-0.001331 0.000000
-0.001319 0.000000
-0.001307 0.000000
-0.001292 0.000000
-0.001277 0.000000
-0.001260 0.000000
-0.001241 0.000000
-0.001221 0.000000
-0.001200 0.000000
-0.001177 0.000000
-0.001152 0.000000
-0.001126 0.000000
-0.001099 0.000000
-0.001069 0.000000
-0.001039 0.000000
-0.001006 0.000000
-0.000972 0.000000
-0.000936 0.000000
-0.000899 0.000000
-0.000859 0.000000
-0.000819 0.000000
-0.000776 0.000000
-0.000732 0.000000
-0.000686 0.000000
-0.000638 0.000000
-0.000589 0.000000
-0.000537 0.000000
-0.000485 0.000000
-0.000430 0.000000
-0.000374 0.000000
-0.000316 0.000000
-0.000256 0.000000
-0.000194 0.000000
-0.000131 0.000000
-0.000066 0.000000
0.000000 0.000000
0.000068 0.000000
0.000138 0.000000
0.000209 0.000000
0.000282 0.000000
0.000357 0.000000
0.000433 0.000000
0.000510 0.000000
0.000589 0.000000
0.000670 0.000000
0.000751 0.000000
0.000835 0.000000
0.000919 0.000000
0.001005 0.000000
0.001092 0.000000
0.001181 0.000000
0.001270 0.000000
0.001361 0.000000
0.001452 0.000000
0.001545 0.000000
0.001639 0.000000
0.001733 0.000000
0.001829 0.000000
0.001925 0.000000
0.002022 0.000000
0.002119 0.000000
0.002217 0.000000
0.002316 0.000000
0.002415 0.000000
0.002514 0.000000
0.002614 0.000000
0.002714 0.000000
0.002814 0.000000
0.002914 0.000000
0.003014 0.000000
0.003114 0.000000
0.003214 0.000000
0.003314 0.000000
0.003413 0.000000
0.003512 0.000000
0.003610 0.000000
0.003707 0.000000
0.003804 0.000000
0.003900 0.000000
0.003995 0.000000
0.004089 0.000000
0.004182 0.000000
0.004273 0.000000
0.004364 0.000000
0.004453 0.000000
0.004540 0.000000
0.004626 0.000000
0.004710 0.000000
0.004792 0.000000
0.004872 0.000000
0.004950 0.000000
0.005026 0.000000
0.005099 0.000000
0.005171 0.000000
0.005239 0.000000
0.005305 0.000000
0.005369 0.000000
0.005430 0.000000
0.005487 0.000000
0.005542 0.000000
0.005593 0.000000
0.005642 0.000000
0.005687 0.000000
0.005728 0.000000
0.005766 0.000000
0.005801 0.000000
0.005831 0.000000
0.005858 0.000000
0.005881 0.000000
0.005899 0.000000
0.005914 0.000000
0.005924 0.000000
0.005930 0.000000
0.005932 0.000000
0.005929 0.000000
0.005921 0.000000
0.005909 0.000000
0.005892 0.000000
0.005871 0.000000
0.005844 0.000000
0.005812 0.000000
0.005775 0.000000
0.005733 0.000000
0.005686 0.000000
0.005634 0.000000
0.005576 0.000000
0.005513 0.000000
0.005444 0.000000
0.005370 0.000000
0.005291 0.000000
0.005206 0.000000
0.005115 0.000000
0.005018 0.000000
0.004916 0.000000
0.004808 0.000000
0.004694 0.000000
0.004575 0.000000
0.004450 0.000000
0.004319 0.000000
0.004182 0.000000
0.004039 0.000000
0.003891 0.000000
0.003737 0.000000
0.003576 0.000000
0.003411 0.000000
0.003239 0.000000
0.003062 0.000000
0.002878 0.000000
0.002690 0.000000
0.002495 0.000000
0.002295 0.000000
0.002090 0.000000
0.001878 0.000000
0.001662 0.000000
0.001440 0.000000
0.001213 0.000000
0.000980 0.000000
0.000743 0.000000
0.000500 0.000000
0.000253 0.000000
-0.000000 0.000000
-0.000257 0.000000
-0.000519 0.000000
-0.000786 0.000000
-0.001057 0.000000
-0.001332 0.000000
-0.001612 0.000000
-0.001895 0.000000
-0.002183 0.000000
-0.002474 0.000000
-0.002769 0.000000
-0.003067 0.000000
-0.003369 0.000000
-0.003674 0.000000
-0.003982 0.000000
-0.004293 0.000000
-0.004606 0.000000
-0.004922 0.000000
-0.005240 0.000000
-0.005560 0.000000
-0.005882 0.000000
-0.006205 0.000000
-0.006530 0.000000
-0.006857 0.000000
-0.007184 0.000000
-0.007512 0.000000
-0.007841 0.000000
-0.008170 0.000000
-0.008499 0.000000
-0.008828 0.000000
-0.009157 0.000000
-0.009485 0.000000
-0.009812 0.000000
-0.010138 0.000000
-0.010463 0.000000
-0.010786 0.000000
-0.011107 0.000000
-0.011426 0.000000
-0.011743 0.000000
-0.012057 0.000000
-0.012368 0.000000
-0.012675 0.000000
-0.012979 0.000000
-0.013280 0.000000
-0.013576 0.000000
-0.013868 0.000000
-0.014155 0.000000
-0.014437 0.000000
-0.014714 0.000000
-0.014986 0.000000
-0.015251 0.000000
-0.015511 0.000000
-0.015764 0.000000
-0.016010 0.000000
-0.016249 0.000000
-0.016481 0.000000
-0.016706 0.000000
-0.016922 0.000000
-0.017131 0.000000
-0.017331 0.000000
-0.017522 0.000000
-0.017704 0.000000
-0.017877 0.000000
-0.018040 0.000000
-0.018193 0.000000
-0.018336 0.000000
-0.018468 0.000000
-0.018590 0.000000
-0.018701 0.000000
-0.018800 0.000000
-0.018888 0.000000
-0.018964 0.000000
-0.019028 0.000000
-0.019079 0.000000
-0.019118 0.000000
-0.019144 0.000000
-0.019156 0.000000
-0.019155 0.000000
-0.019141 0.000000
-0.019113 0.000000
-0.019070 0.000000
-0.019013 0.000000
-0.018942 0.000000
-0.018856 0.000000
-0.018755 0.000000
-0.018638 0.000000
-0.018506 0.000000
-0.018359 0.000000
-0.018196 0.000000
-0.018016 0.000000
-0.017821 0.000000
-0.017609 0.000000
-0.017381 0.000000
-0.017136 0.000000
-0.016875 0.000000
-0.016596 0.000000
-0.016300 0.000000
-0.015987 0.000000
-0.015657 0.000000
-0.015310 0.000000
-0.014944 0.000000
-0.014562 0.000000
-0.014161 0.000000
-0.013743 0.000000
-0.013307 0.000000
-0.012853 0.000000
-0.012381 0.000000
-0.011891 0.000000
-0.011383 0.000000
-0.010857 0.000000
-0.010312 0.000000
-0.009750 0.000000
-0.009170 0.000000
-0.008571 0.000000
-0.007955 0.000000
-0.007320 0.000000
-0.006668 0.000000
-0.005998 0.000000
-0.005310 0.000000
-0.004604 0.000000
-0.003880 0.000000
-0.003139 0.000000
-0.002380 0.000000
-0.001604 0.000000
-0.000811 0.000000
0.000000 0.000000
0.000828 0.000000
0.001672 0.000000
0.002533 0.000000
0.003411 0.000000
0.004304 0.000000
0.005215 0.000000
0.006141 0.000000
0.007082 0.000000
0.008040 0.000000
0.009012 0.000000
0.010000 0.000000
0.011002 0.000000
0.012019 0.000000
0.013050 0.000000
0.014096 0.000000
0.015154 0.000000
0.016227 0.000000
0.017312 0.000000
0.018411 0.000000
0.019521 0.000000
0.020644 0.000000
0.021779 0.000000
0.022925 0.000000
0.024083 0.000000
0.025251 0.000000
0.026429 0.000000
0.027618 0.000000
0.028816 0.000000
0.030023 0.000000
0.031239 0.000000
0.032464 0.000000
0.033697 0.000000
0.034937 0.000000
0.036184 0.000000
0.037438 0.000000
0.038699 0.000000
0.039965 0.000000
0.041237 0.000000
0.042513 0.000000
0.043794 0.000000
0.045079 0.000000
0.046368 0.000000
0.047660 0.000000
0.048954 0.000000
0.050250 0.000000
0.051548 0.000000
0.052847 0.000000
0.054147 0.000000
0.055447 0.000000
0.056746 0.000000
0.058045 0.000000
0.059342 0.000000
0.060637 0.000000
0.061930 0.000000
0.063220 0.000000
0.064507 0.000000
0.065790 0.000000
0.067068 0.000000
0.068341 0.000000
0.069609 0.000000
0.070870 0.000000
0.072126 0.000000
0.073374 0.000000
0.074615 0.000000
0.075847 0.000000
0.077071 0.000000
0.078286 0.000000
0.079492 0.000000
0.080687 0.000000
0.081872 0.000000
0.083046 0.000000
0.084208 0.000000
0.085358 0.000000
0.086496 0.000000
0.087620 0.000000
0.088732 0.000000
0.089829 0.000000
0.090911 0.000000
0.091979 0.000000
0.093032 0.000000
0.094068 0.000000
0.095088 0.000000
0.096092 0.000000
0.097078 0.000000
0.098047 0.000000
0.098998 0.000000
0.099930 0.000000
0.100844 0.000000
0.101738 0.000000
0.102613 0.000000
0.103468 0.000000
0.104302 0.000000
0.105116 0.000000
0.105908 0.000000
0.106679 0.000000
0.107429 0.000000
0.108156 0.000000
0.108860 0.000000
0.109542 0.000000
0.110201 0.000000
0.110836 0.000000
0.111448 0.000000
0.112036 0.000000
0.112600 0.000000
0.113139 0.000000
0.113653 0.000000
0.114143 0.000000
0.114608 0.000000
0.115047 0.000000
0.115460 0.000000
0.115848 0.000000
0.116210 0.000000
0.116546 0.000000
0.116856 0.000000
0.117139 0.000000
0.117396 0.000000
0.117626 0.000000
0.117829 0.000000
0.118006 0.000000
0.118156 0.000000
0.118279 0.000000
0.118375 0.000000
0.118443 0.000000
0.118485 0.000000
0.118500 0.000000
0.118487 0.000000
0.118448 0.000000
0.118381 0.000000
0.118287 0.000000
0.118167 0.000000
0.118019 0.000000
0.117844 0.000000
0.117643 0.000000
0.117415 0.000000
0.117160 0.000000
0.116879 0.000000
0.116571 0.000000
0.116238 0.000000
0.115878 0.000000
0.115492 0.000000
0.115080 0.000000
0.114643 0.000000
0.114180 0.000000
0.113693 0.000000
0.113180 0.000000
0.112643 0.000000
0.112081 0.000000
0.111495 0.000000
0.110885 0.000000
0.110251 0.000000
0.109594 0.000000
0.108914 0.000000
0.108211 0.000000
0.107485 0.000000
0.106738 0.000000
0.105968 0.000000
0.105177 0.000000
0.104365 0.000000
0.103532 0.000000
0.102679 0.000000
0.101805 0.000000
0.100912 0.000000
0.100000 0.000000
0.099069 0.000000
0.098119 0.000000
0.097151 0.000000
0.096166 0.000000
0.095163 0.000000
0.094144 0.000000
0.093108 0.000000
0.092057 0.000000
0.090990 0.000000
0.089908 0.000000
0.088811 0.000000
0.087701 0.000000
0.086577 0.000000
0.085440 0.000000
0.084290 0.000000
0.083128 0.000000
0.081955 0.000000
0.080770 0.000000
0.079575 0.000000
0.078370 0.000000
0.077155 0.000000
0.075931 0.000000
0.074698 0.000000
0.073458 0.000000
0.072209 0.000000
0.070954 0.000000
0.069692 0.000000
0.068424 0.000000
0.067150 0.000000
0.065872 0.000000
0.064589 0.000000
0.063302 0.000000
0.062011 0.000000
0.060718 0.000000
0.059422 0.000000
0.058124 0.000000
0.056825 0.000000
0.055525 0.000000
0.054224 0.000000
0.052924 0.000000
0.051624 0.000000
0.050325 0.000000
0.049027 0.000000
0.047732 0.000000
0.046439 0.000000
0.045150 0.000000
0.043863 0.000000
0.042581 0.000000
0.041303 0.000000
0.040030 0.000000
0.038763 0.000000
0.037501 0.000000
0.036246 0.000000
0.034997 0.000000
0.033755 0.000000
0.032521 0.000000
0.031295 0.000000
0.030077 0.000000
0.028868 0.000000
0.027668 0.000000
0.026478 0.000000
0.025298 0.000000
0.024128 0.000000
0.022969 0.000000
0.021821 0.000000
0.020685 0.000000
0.019560 0.000000
0.018447 0.000000
0.017347 0.000000
0.016260 0.000000
0.015186 0.000000
0.014125 0.000000
0.013078 0.000000
0.012044 0.000000
0.011026 0.000000
0.010021 0.000000
0.009032 0.000000
0.008057 0.000000
0.007098 0.000000
0.006154 0.000000
0.005226 0.000000
0.004314 0.000000
0.003418 0.000000
0.002539 0.000000
0.001676 0.000000
0.000829 0.000000
0.000000 0.000000
-0.000812 0.000000
-0.001608 0.000000
-0.002386 0.000000
-0.003146 0.000000
-0.003890 0.000000
-0.004615 0.000000
-0.005323 0.000000
-0.006013 0.000000
-0.006685 0.000000
-0.007339 0.000000
-0.007976 0.000000
-0.008594 0.000000
-0.009194 0.000000
-0.009776 0.000000
-0.010340 0.000000
-0.010886 0.000000
-0.011414 0.000000
-0.011923 0.000000
-0.012415 0.000000
-0.012889 0.000000
-0.013344 0.000000
-0.013782 0.000000
-0.014202 0.000000
-0.014603 0.000000
-0.014988 0.000000
-0.015354 0.000000
-0.015703 0.000000
-0.016035 0.000000
-0.016349 0.000000
-0.016646 0.000000
-0.016926 0.000000
-0.017188 0.000000
-0.017434 0.000000
-0.017664 0.000000
-0.017877 0.000000
-0.018073 0.000000
-0.018253 0.000000
-0.018417 0.000000
-0.018566 0.000000
-0.018698 0.000000
-0.018816 0.000000
-0.018917 0.000000
-0.019004 0.000000
-0.019076 0.000000
-0.019134 0.000000
-0.019177 0.000000
-0.019206 0.000000
-0.019221 0.000000
-0.019222 0.000000
-0.019210 0.000000
-0.019184 0.000000
-0.019146 0.000000
-0.019095 0.000000
-0.019031 0.000000
-0.018955 0.000000
-0.018868 0.000000
-0.018768 0.000000
-0.018658 0.000000
-0.018536 0.000000
-0.018404 0.000000
-0.018260 0.000000
-0.018107 0.000000
-0.017944 0.000000
-0.017771 0.000000
-0.017589 0.000000
-0.017397 0.000000
-0.017197 0.000000
-0.016988 0.000000
-0.016771 0.000000
-0.016546 0.000000
-0.016314 0.000000
-0.016074 0.000000
-0.015827 0.000000
-0.015573 0.000000
-0.015313 0.000000
-0.015047 0.000000
-0.014774 0.000000
-0.014497 0.000000
-0.014214 0.000000
-0.013926 0.000000
-0.013633 0.000000
-0.013336 0.000000
-0.013035 0.000000
-0.012729 0.000000
-0.012421 0.000000
-0.012109 0.000000
-0.011794 0.000000
-0.011476 0.000000
-0.011156 0.000000
-0.010834 0.000000
-0.010510 0.000000
-0.010184 0.000000
-0.009856 0.000000
-0.009528 0.000000
-0.009199 0.000000
-0.008869 0.000000
-0.008538 0.000000
-0.008208 0.000000
-0.007877 0.000000
-0.007547 0.000000
-0.007218 0.000000
-0.006889 0.000000
-0.006561 0.000000
-0.006235 0.000000
-0.005910 0.000000
-0.005587 0.000000
-0.005265 0.000000
-0.004946 0.000000
-0.004629 0.000000
-0.004314 0.000000
-0.004002 0.000000
-0.003692 0.000000
-0.003386 0.000000
-0.003083 0.000000
-0.002783 0.000000
-0.002487 0.000000
-0.002194 0.000000
-0.001905 0.000000
-0.001620 0.000000
-0.001339 0.000000
-0.001062 0.000000
-0.000790 0.000000
-0.000522 0.000000
-0.000259 0.000000
-0.000000 0.000000
0.000254 0.000000
0.000503 0.000000
0.000747 0.000000
0.000986 0.000000
0.001220 0.000000
0.001448 0.000000
0.001671 0.000000
0.001889 0.000000
0.002101 0.000000
0.002308 0.000000
0.002509 0.000000
0.002705 0.000000
0.002895 0.000000
0.003079 0.000000
0.003258 0.000000
0.003431 0.000000
0.003597 0.000000
0.003759 0.000000
0.003914 0.000000
0.004063 0.000000
0.004207 0.000000
0.004345 0.000000
0.004477 0.000000
0.004603 0.000000
0.004723 0.000000
0.004838 0.000000
0.004947 0.000000
0.005050 0.000000
0.005147 0.000000
0.005238 0.000000
0.005324 0.000000
0.005404 0.000000
0.005479 0.000000
0.005548 0.000000
0.005612 0.000000
0.005670 0.000000
0.005723 0.000000
0.005771 0.000000
0.005813 0.000000
0.005851 0.000000
0.005883 0.000000
0.005910 0.000000
0.005932 0.000000
0.005949 0.000000
0.005962 0.000000
0.005969 0.000000
0.005973 0.000000
0.005971 0.000000
0.005965 0.000000
0.005955 0.000000
0.005941 0.000000
0.005922 0.000000
0.005899 0.000000
0.005872 0.000000
0.005842 0.000000
0.005808 0.000000
0.005769 0.000000
0.005728 0.000000
0.005683 0.000000
0.005634 0.000000
0.005583 0.000000
0.005528 0.000000
0.005470 0.000000
0.005409 0.000000
0.005345 0.000000
0.005279 0.000000
0.005210 0.000000
0.005138 0.000000
0.005064 0.000000
0.004988 0.000000
0.004909 0.000000
0.004829 0.000000
0.004746 0.000000
0.004662 0.000000
0.004575 0.000000
0.004488 0.000000
0.004398 0.000000
0.004307 0.000000
0.004215 0.000000
0.004122 0.000000
0.004027 0.000000
0.003932 0.000000
0.003835 0.000000
0.003738 0.000000
0.003639 0.000000
0.003541 0.000000
0.003441 0.000000
0.003341 0.000000
0.003241 0.000000
0.003140 0.000000
0.003040 0.000000
0.002939 0.000000
0.002838 0.000000
0.002737 0.000000
0.002636 0.000000
0.002536 0.000000
0.002436 0.000000
0.002336 0.000000
0.002237 0.000000
0.002138 0.000000
0.002039 0.000000
0.001942 0.000000
0.001845 0.000000
0.001749 0.000000
0.001653 0.000000
0.001559 0.000000
0.001465 0.000000
0.001373 0.000000
0.001282 0.000000
0.001191 0.000000
0.001102 0.000000
0.001014 0.000000
0.000928 0.000000
0.000842 0.000000
0.000758 0.000000
0.000676 0.000000
0.000595 0.000000
0.000515 0.000000
0.000437 0.000000
0.000360 0.000000
0.000285 0.000000
0.000211 0.000000
0.000139 0.000000
0.000069 0.000000
0.000000 0.000000
-0.000067 0.000000
-0.000133 0.000000
-0.000196 0.000000
-0.000258 0.000000
-0.000319 0.000000
-0.000377 0.000000
-0.000434 0.000000
-0.000489 0.000000
-0.000543 0.000000
-0.000594 0.000000
-0.000644 0.000000
-0.000693 0.000000
-0.000739 0.000000
-0.000784 0.000000
-0.000827 0.000000
-0.000868 0.000000
-0.000908 0.000000
-0.000945 0.000000
-0.000982 0.000000
-0.001016 0.000000
-0.001049 0.000000
-0.001080 0.000000
-0.001110 0.000000
-0.001138 0.000000
-0.001164 0.000000
-0.001189 0.000000
-0.001212 0.000000
-0.001234 0.000000
-0.001254 0.000000
-0.001273 0.000000
-0.001290 0.000000
-0.001306 0.000000
-0.001320 0.000000
-0.001333 0.000000
-0.001345 0.000000
-0.001355 0.000000
-0.001364 0.000000
-0.001372 0.000000
-0.001378 0.000000
-0.001383 0.000000
-0.001387 0.000000
-0.001390 0.000000
-0.001392 0.000000
-0.001392 0.000000
-0.001392 0.000000
-0.001390 0.000000
-0.001388 0.000000
-0.001384 0.000000
-0.001380 0.000000
-0.001374 0.000000
-0.001368 0.000000
-0.001361 0.000000
-0.001353 0.000000
-0.001344 0.000000
-0.001334 0.000000
-0.001324 0.000000
-0.001313 0.000000
-0.001301 0.000000
-0.001289 0.000000
-0.001275 0.000000
-0.001262 0.000000
-0.001248 0.000000
-0.001233 0.000000
-0.001218 0.000000
-0.001202 0.000000
-0.001185 0.000000
-0.001169 0.000000
-0.001152 0.000000
-0.001134 0.000000
-0.001116 0.000000
-0.001098 0.000000
-0.001079 0.000000
-0.001061 0.000000
-0.001041 0.000000
-0.001022 0.000000
-0.001002 0.000000
-0.000982 0.000000
-0.000962 0.000000
-0.000942 0.000000
-0.000922 0.000000
-0.000901 0.000000
-0.000880 0.000000
-0.000860 0.000000
-0.000839 0.000000
-0.000818 0.000000
-0.000797 0.000000
-0.000775 0.000000
-0.000754 0.000000
-0.000733 0.000000
-0.000712 0.000000
-0.000690 0.000000
-0.000669 0.000000
-0.000648 0.000000
-0.000627 0.000000
-0.000605 0.000000
-0.000584 0.000000
-0.000563 0.000000
-0.000542 0.000000
-0.000521 0.000000
-0.000500 0.000000
-0.000479 0.000000
-0.000458 0.000000
-0.000437 0.000000
-0.000416 0.000000
-0.000396 0.000000
-0.000375 0.000000
-0.000355 0.000000
-0.000334 0.000000
-0.000314 0.000000
-0.000294 0.000000
-0.000273 0.000000
-0.000253 0.000000
-0.000233 0.000000
-0.000213 0.000000
-0.000194 0.000000
-0.000174 0.000000
-0.000154 0.000000
-0.000135 0.000000
-0.000115 0.000000
-0.000096 0.000000
-0.000076 0.000000
-0.000057 0.000000
-0.000038 0.000000
-0.000019 0.000000
-0.000000 0.000000
