-0.000009 0.000000
-0.000019 0.000000
-0.000029 0.000000
-0.000038 0.000000
-0.000048 0.000000
-0.000058 0.000000
-0.000067 0.000000
-0.000077 0.000000
-0.000087 0.000000
-0.000097 0.000000
-0.000106 0.000000
-0.000116 0.000000
-0.000126 0.000000
-0.000136 0.000000
-0.000146 0.000000
-0.000156 0.000000
-0.000167 0.000000
-0.000177 0.000000
-0.000187 0.000000
-0.000197 0.000000
-0.000207 0.000000
-0.000218 0.000000
-0.000228 0.000000
-0.000238 0.000000
-0.000249 0.000000
-0.000259 0.000000
-0.000269 0.000000
-0.000280 0.000000
-0.000290 0.000000
-0.000301 0.000000
-0.000311 0.000000
-0.000322 0.000000
-0.000332 0.000000
-0.000343 0.000000
-0.000353 0.000000
-0.000364 0.000000
-0.000374 0.000000
-0.000385 0.000000
-0.000395 0.000000
-0.000406 0.000000
-0.000416 0.000000
-0.000426 0.000000
-0.000437 0.000000
-0.000447 0.000000
-0.000457 0.000000
-0.000467 0.000000
-0.000477 0.000000
-0.000487 0.000000
-0.000497 0.000000
-0.000507 0.000000
-0.000516 0.000000
-0.000526 0.000000
-0.000535 0.000000
-0.000544 0.000000
-0.000553 0.000000
-0.000562 0.000000
-0.000571 0.000000
-0.000579 0.000000
-0.000587 0.000000
-0.000595 0.000000
-0.000603 0.000000
-0.000611 0.000000
-0.000618 0.000000
-0.000625 0.000000
-0.000632 0.000000
-0.000638 0.000000
-0.000644 0.000000
-0.000650 0.000000
-0.000655 0.000000
-0.000660 0.000000
-0.000665 0.000000
-0.000670 0.000000
-0.000674 0.000000
-0.000677 0.000000
-0.000680 0.000000
-0.000683 0.000000
-0.000685 0.000000
-0.000687 0.000000
-0.000688 0.000000
-0.000689 0.000000
-0.000689 0.000000
-0.000689 0.000000
-0.000688 0.000000
-0.000687 0.000000
-0.000685 0.000000
-0.000682 0.000000
-0.000679 0.000000
-0.000675 0.000000
-0.000671 0.000000
-0.000665 0.000000
-0.000660 0.000000
-0.000653 0.000000
-0.000646 0.000000
-0.000638 0.000000
-0.000630 0.000000
-0.000621 0.000000
-0.000611 0.000000
-0.000600 0.000000
-0.000588 0.000000
-0.000576 0.000000
-0.000563 0.000000
-0.000549 0.000000
-0.000535 0.000000
-0.000519 0.000000
-0.000503 0.000000
-0.000486 0.000000
-0.000468 0.000000
-0.000449 0.000000
-0.000430 0.000000
-0.000409 0.000000
-0.000388 0.000000
-0.000366 0.000000
-0.000343 0.000000
-0.000319 0.000000
-0.000294 0.000000
-0.000269 0.000000
-0.000242 0.000000
-0.000215 0.000000
-0.000187 0.000000
-0.000158 0.000000
-0.000128 0.000000
-0.000097 0.000000
-0.000066 0.000000
-0.000033 0.000000
0.000000 0.000000
0.000034 0.000000
0.000069 0.000000
0.000105 0.000000
0.000141 0.000000
0.000178 0.000000
0.000216 0.000000
0.000255 0.000000
0.000295 0.000000
0.000335 0.000000
0.000376 0.000000
0.000417 0.000000
0.000460 0.000000
0.000503 0.000000
0.000546 0.000000
0.000590 0.000000
0.000635 0.000000
0.000680 0.000000
0.000726 0.000000
0.000773 0.000000
0.000819 0.000000
0.000867 0.000000
0.000914 0.000000
0.000962 0.000000
0.001011 0.000000
0.001060 0.000000
0.001109 0.000000
0.001158 0.000000
0.001207 0.000000
0.001257 0.000000
0.001307 0.000000
0.001357 0.000000
0.001407 0.000000
0.001457 0.000000
0.001507 0.000000
0.001557 0.000000
0.001607 0.000000
0.001657 0.000000
0.001706 0.000000
0.001756 0.000000
0.001805 0.000000
0.001854 0.000000
0.001902 0.000000
0.001950 0.000000
0.001998 0.000000
0.002045 0.000000
0.002091 0.000000
0.002137 0.000000
0.002182 0.000000
0.002226 0.000000
0.002270 0.000000
0.002313 0.000000
0.002355 0.000000
0.002396 0.000000
0.002436 0.000000
0.002475 0.000000
0.002513 0.000000
0.002550 0.000000
0.002585 0.000000
0.002620 0.000000
0.002653 0.000000
0.002684 0.000000
0.002715 0.000000
0.002744 0.000000
0.002771 0.000000
0.002797 0.000000
0.002821 0.000000
0.002843 0.000000
0.002864 0.000000
0.002883 0.000000
0.002900 0.000000
0.002916 0.000000
0.002929 0.000000
0.002940 0.000000
0.002950 0.000000
0.002957 0.000000
0.002962 0.000000
0.002965 0.000000
0.002966 0.000000
0.002964 0.000000
0.002961 0.000000
0.002955 0.000000
0.002946 0.000000
0.002935 0.000000
0.002922 0.000000
0.002906 0.000000
0.002888 0.000000
0.002867 0.000000
0.002843 0.000000
0.002817 0.000000
0.002788 0.000000
0.002756 0.000000
0.002722 0.000000
0.002685 0.000000
0.002645 0.000000
0.002603 0.000000
0.002557 0.000000
0.002509 0.000000
0.002458 0.000000
0.002404 0.000000
0.002347 0.000000
0.002288 0.000000
0.002225 0.000000
0.002159 0.000000
0.002091 0.000000
0.002020 0.000000
0.001945 0.000000
0.001868 0.000000
0.001788 0.000000
0.001705 0.000000
0.001619 0.000000
0.001531 0.000000
0.001439 0.000000
0.001345 0.000000
0.001248 0.000000
0.001148 0.000000
0.001045 0.000000
0.000939 0.000000
0.000831 0.000000
0.000720 0.000000
0.000606 0.000000
0.000490 0.000000
0.000371 0.000000
0.000250 0.000000
0.000126 0.000000
-0.000000 0.000000
-0.000129 0.000000
-0.000260 0.000000
-0.000393 0.000000
-0.000528 0.000000
-0.000666 0.000000
-0.000806 0.000000
-0.000948 0.000000
-0.001091 0.000000
-0.001237 0.000000
-0.001384 0.000000
-0.001534 0.000000
-0.001685 0.000000
-0.001837 0.000000
-0.001991 0.000000
-0.002146 0.000000
-0.002303 0.000000
-0.002461 0.000000
-0.002620 0.000000
-0.002780 0.000000
-0.002941 0.000000
-0.003103 0.000000
-0.003265 0.000000
-0.003428 0.000000
-0.003592 0.000000
-0.003756 0.000000
-0.003920 0.000000
-0.004085 0.000000
-0.004250 0.000000
-0.004414 0.000000
-0.004578 0.000000
-0.004742 0.000000
-0.004906 0.000000
-0.005069 0.000000
-0.005231 0.000000
-0.005393 0.000000
-0.005554 0.000000
-0.005713 0.000000
-0.005871 0.000000
-0.006028 0.000000
-0.006184 0.000000
-0.006338 0.000000
-0.006490 0.000000
-0.006640 0.000000
-0.006788 0.000000
-0.006934 0.000000
-0.007078 0.000000
-0.007219 0.000000
-0.007357 0.000000
-0.007493 0.000000
-0.007626 0.000000
-0.007755 0.000000
-0.007882 0.000000
-0.008005 0.000000
-0.008125 0.000000
-0.008241 0.000000
-0.008353 0.000000
-0.008461 0.000000
-0.008565 0.000000
-0.008665 0.000000
-0.008761 0.000000
-0.008852 0.000000
-0.008938 0.000000
-0.009020 0.000000
-0.009097 0.000000
-0.009168 0.000000
-0.009234 0.000000
-0.009295 0.000000
-0.009350 0.000000
-0.009400 0.000000
-0.009444 0.000000
-0.009482 0.000000
-0.009514 0.000000
-0.009540 0.000000
-0.009559 0.000000
-0.009572 0.000000
-0.009578 0.000000
-0.009578 0.000000
-0.009570 0.000000
-0.009556 0.000000
-0.009535 0.000000
-0.009507 0.000000
-0.009471 0.000000
-0.009428 0.000000
-0.009377 0.000000
-0.009319 0.000000
-0.009253 0.000000
-0.009179 0.000000
-0.009098 0.000000
-0.009008 0.000000
-0.008911 0.000000
-0.008805 0.000000
-0.008691 0.000000
-0.008568 0.000000
-0.008437 0.000000
-0.008298 0.000000
-0.008150 0.000000
-0.007994 0.000000
-0.007829 0.000000
-0.007655 0.000000
-0.007472 0.000000
-0.007281 0.000000
-0.007081 0.000000
-0.006871 0.000000
-0.006653 0.000000
-0.006426 0.000000
-0.006190 0.000000
-0.005945 0.000000
-0.005691 0.000000
-0.005428 0.000000
-0.005156 0.000000
-0.004875 0.000000
-0.004585 0.000000
-0.004286 0.000000
-0.003977 0.000000
-0.003660 0.000000
-0.003334 0.000000
-0.002999 0.000000
-0.002655 0.000000
-0.002302 0.000000
-0.001940 0.000000
-0.001569 0.000000
-0.001190 0.000000
-0.000802 0.000000
-0.000405 0.000000
0.000000 0.000000
0.000414 0.000000
0.000836 0.000000
0.001266 0.000000
0.001705 0.000000
0.002152 0.000000
0.002607 0.000000
0.003070 0.000000
0.003541 0.000000
0.004020 0.000000
0.004506 0.000000
0.005000 0.000000
0.005501 0.000000
0.006010 0.000000
0.006525 0.000000
0.007048 0.000000
0.007577 0.000000
0.008113 0.000000
0.008656 0.000000
0.009205 0.000000
0.009761 0.000000
0.010322 0.000000
0.010890 0.000000
0.011463 0.000000
0.012041 0.000000
0.012625 0.000000
0.013215 0.000000
0.013809 0.000000
0.014408 0.000000
0.015012 0.000000
0.015620 0.000000
0.016232 0.000000
0.016848 0.000000
0.017468 0.000000
0.018092 0.000000
0.018719 0.000000
0.019349 0.000000
0.019983 0.000000
0.020618 0.000000
0.021257 0.000000
0.021897 0.000000
0.022540 0.000000
0.023184 0.000000
0.023830 0.000000
0.024477 0.000000
0.025125 0.000000
0.025774 0.000000
0.026424 0.000000
0.027074 0.000000
0.027723 0.000000
0.028373 0.000000
0.029022 0.000000
0.029671 0.000000
0.030319 0.000000
0.030965 0.000000
0.031610 0.000000
0.032253 0.000000
0.032895 0.000000
0.033534 0.000000
0.034170 0.000000
0.034804 0.000000
0.035435 0.000000
0.036063 0.000000
0.036687 0.000000
0.037307 0.000000
0.037924 0.000000
0.038536 0.000000
0.039143 0.000000
0.039746 0.000000
0.040344 0.000000
0.040936 0.000000
0.041523 0.000000
0.042104 0.000000
0.042679 0.000000
0.043248 0.000000
0.043810 0.000000
0.044366 0.000000
0.044914 0.000000
0.045456 0.000000
0.045990 0.000000
0.046516 0.000000
0.047034 0.000000
0.047544 0.000000
0.048046 0.000000
0.048539 0.000000
0.049024 0.000000
0.049499 0.000000
0.049965 0.000000
0.050422 0.000000
0.050869 0.000000
0.051307 0.000000
0.051734 0.000000
0.052151 0.000000
0.052558 0.000000
0.052954 0.000000
0.053340 0.000000
0.053714 0.000000
0.054078 0.000000
0.054430 0.000000
0.054771 0.000000
0.055101 0.000000
0.055418 0.000000
0.055724 0.000000
0.056018 0.000000
0.056300 0.000000
0.056569 0.000000
0.056827 0.000000
0.057072 0.000000
0.057304 0.000000
0.057523 0.000000
0.057730 0.000000
0.057924 0.000000
0.058105 0.000000
0.058273 0.000000
0.058428 0.000000
0.058569 0.000000
0.058698 0.000000
0.058813 0.000000
0.058915 0.000000
0.059003 0.000000
0.059078 0.000000
0.059139 0.000000
0.059187 0.000000
0.059222 0.000000
0.059243 0.000000
0.059250 0.000000
0.059244 0.000000
0.059224 0.000000
0.059191 0.000000
0.059144 0.000000
0.059083 0.000000
0.059009 0.000000
0.058922 0.000000
0.058821 0.000000
0.058707 0.000000
0.058580 0.000000
0.058439 0.000000
0.058286 0.000000
0.058119 0.000000
0.057939 0.000000
0.057746 0.000000
0.057540 0.000000
0.057322 0.000000
0.057090 0.000000
0.056846 0.000000
0.056590 0.000000
0.056321 0.000000
0.056041 0.000000
0.055747 0.000000
0.055442 0.000000
0.055126 0.000000
0.054797 0.000000
0.054457 0.000000
0.054105 0.000000
0.053743 0.000000
0.053369 0.000000
0.052984 0.000000
0.052589 0.000000
0.052183 0.000000
0.051766 0.000000
0.051339 0.000000
0.050903 0.000000
0.050456 0.000000
0.050000 0.000000
0.049534 0.000000
0.049059 0.000000
0.048576 0.000000
0.048083 0.000000
0.047582 0.000000
0.047072 0.000000
0.046554 0.000000
0.046028 0.000000
0.045495 0.000000
0.044954 0.000000
0.044406 0.000000
0.043850 0.000000
0.043288 0.000000
0.042720 0.000000
0.042145 0.000000
0.041564 0.000000
0.040977 0.000000
0.040385 0.000000
0.039788 0.000000
0.039185 0.000000
0.038577 0.000000
0.037965 0.000000
0.037349 0.000000
0.036729 0.000000
0.036105 0.000000
0.035477 0.000000
0.034846 0.000000
0.034212 0.000000
0.033575 0.000000
0.032936 0.000000
0.032294 0.000000
0.031651 0.000000
0.031006 0.000000
0.030359 0.000000
0.029711 0.000000
0.029062 0.000000
0.028412 0.000000
0.027762 0.000000
0.027112 0.000000
0.026462 0.000000
0.025812 0.000000
0.025162 0.000000
0.024514 0.000000
0.023866 0.000000
0.023220 0.000000
0.022575 0.000000
0.021932 0.000000
0.021291 0.000000
0.020652 0.000000
0.020015 0.000000
0.019381 0.000000
0.018751 0.000000
0.018123 0.000000
0.017498 0.000000
0.016878 0.000000
0.016260 0.000000
0.015647 0.000000
0.015039 0.000000
0.014434 0.000000
0.013834 0.000000
0.013239 0.000000
0.012649 0.000000
0.012064 0.000000
0.011485 0.000000
0.010911 0.000000
0.010342 0.000000
0.009780 0.000000
0.009224 0.000000
0.008674 0.000000
0.008130 0.000000
0.007593 0.000000
0.007062 0.000000
0.006539 0.000000
0.006022 0.000000
0.005513 0.000000
0.005011 0.000000
0.004516 0.000000
0.004029 0.000000
0.003549 0.000000
0.003077 0.000000
0.002613 0.000000
0.002157 0.000000
0.001709 0.000000
0.001269 0.000000
0.000838 0.000000
0.000415 0.000000
0.000000 0.000000
-0.000406 0.000000
-0.000804 0.000000
-0.001193 0.000000
-0.001573 0.000000
-0.001945 0.000000
-0.002308 0.000000
-0.002661 0.000000
-0.003006 0.000000
-0.003343 0.000000
-0.003670 0.000000
-0.003988 0.000000
-0.004297 0.000000
-0.004597 0.000000
-0.004888 0.000000
-0.005170 0.000000
-0.005443 0.000000
-0.005707 0.000000
-0.005962 0.000000
-0.006207 0.000000
-0.006444 0.000000
-0.006672 0.000000
-0.006891 0.000000
-0.007101 0.000000
-0.007302 0.000000
-0.007494 0.000000
-0.007677 0.000000
-0.007852 0.000000
-0.008017 0.000000
-0.008174 0.000000
-0.008323 0.000000
-0.008463 0.000000
-0.008594 0.000000
-0.008717 0.000000
-0.008832 0.000000
-0.008938 0.000000
-0.009036 0.000000
-0.009127 0.000000
-0.009209 0.000000
-0.009283 0.000000
-0.009349 0.000000
-0.009408 0.000000
-0.009459 0.000000
-0.009502 0.000000
-0.009538 0.000000
-0.009567 0.000000
-0.009588 0.000000
-0.009603 0.000000
-0.009610 0.000000
-0.009611 0.000000
-0.009605 0.000000
-0.009592 0.000000
-0.009573 0.000000
-0.009547 0.000000
-0.009516 0.000000
-0.009478 0.000000
-0.009434 0.000000
-0.009384 0.000000
-0.009329 0.000000
-0.009268 0.000000
-0.009202 0.000000
-0.009130 0.000000
-0.009054 0.000000
-0.008972 0.000000
-0.008885 0.000000
-0.008794 0.000000
-0.008699 0.000000
-0.008598 0.000000
-0.008494 0.000000
-0.008386 0.000000
-0.008273 0.000000
-0.008157 0.000000
-0.008037 0.000000
-0.007913 0.000000
-0.007787 0.000000
-0.007656 0.000000
-0.007523 0.000000
-0.007387 0.000000
-0.007248 0.000000
-0.007107 0.000000
-0.006963 0.000000
-0.006816 0.000000
-0.006668 0.000000
-0.006517 0.000000
-0.006365 0.000000
-0.006210 0.000000
-0.006054 0.000000
-0.005897 0.000000
-0.005738 0.000000
-0.005578 0.000000
-0.005417 0.000000
-0.005255 0.000000
-0.005092 0.000000
-0.004928 0.000000
-0.004764 0.000000
-0.004599 0.000000
-0.004434 0.000000
-0.004269 0.000000
-0.004104 0.000000
-0.003939 0.000000
-0.003774 0.000000
-0.003609 0.000000
-0.003445 0.000000
-0.003281 0.000000
-0.003118 0.000000
-0.002955 0.000000
-0.002793 0.000000
-0.002633 0.000000
-0.002473 0.000000
-0.002314 0.000000
-0.002157 0.000000
-0.002001 0.000000
-0.001846 0.000000
-0.001693 0.000000
-0.001541 0.000000
-0.001392 0.000000
-0.001243 0.000000
-0.001097 0.000000
-0.000953 0.000000
-0.000810 0.000000
-0.000670 0.000000
-0.000531 0.000000
-0.000395 0.000000
-0.000261 0.000000
-0.000129 0.000000
-0.000000 0.000000
0.000127 0.000000
0.000251 0.000000
0.000373 0.000000
0.000493 0.000000
0.000610 0.000000
0.000724 0.000000
0.000836 0.000000
0.000945 0.000000
0.001051 0.000000
0.001154 0.000000
0.001255 0.000000
0.001353 0.000000
0.001448 0.000000
0.001540 0.000000
0.001629 0.000000
0.001715 0.000000
0.001799 0.000000
0.001879 0.000000
0.001957 0.000000
0.002032 0.000000
0.002104 0.000000
0.002172 0.000000
0.002238 0.000000
0.002301 0.000000
0.002362 0.000000
0.002419 0.000000
0.002473 0.000000
0.002525 0.000000
0.002573 0.000000
0.002619 0.000000
0.002662 0.000000
0.002702 0.000000
0.002740 0.000000
0.002774 0.000000
0.002806 0.000000
0.002835 0.000000
0.002862 0.000000
0.002885 0.000000
0.002907 0.000000
0.002925 0.000000
0.002941 0.000000
0.002955 0.000000
0.002966 0.000000
0.002975 0.000000
0.002981 0.000000
0.002985 0.000000
0.002986 0.000000
0.002986 0.000000
0.002983 0.000000
0.002978 0.000000
0.002970 0.000000
0.002961 0.000000
0.002950 0.000000
0.002936 0.000000
0.002921 0.000000
0.002904 0.000000
0.002885 0.000000
0.002864 0.000000
0.002841 0.000000
0.002817 0.000000
0.002791 0.000000
0.002764 0.000000
0.002735 0.000000
0.002704 0.000000
0.002673 0.000000
0.002639 0.000000
0.002605 0.000000
0.002569 0.000000
0.002532 0.000000
0.002494 0.000000
0.002455 0.000000
0.002414 0.000000
0.002373 0.000000
0.002331 0.000000
0.002288 0.000000
0.002244 0.000000
0.002199 0.000000
0.002154 0.000000
0.002108 0.000000
0.002061 0.000000
0.002014 0.000000
0.001966 0.000000
0.001917 0.000000
0.001869 0.000000
0.001820 0.000000
0.001770 0.000000
0.001721 0.000000
0.001671 0.000000
0.001621 0.000000
0.001570 0.000000
0.001520 0.000000
0.001469 0.000000
0.001419 0.000000
0.001369 0.000000
0.001318 0.000000
0.001268 0.000000
0.001218 0.000000
0.001168 0.000000
0.001118 0.000000
0.001069 0.000000
0.001020 0.000000
0.000971 0.000000
0.000922 0.000000
0.000874 0.000000
0.000827 0.000000
0.000779 0.000000
0.000733 0.000000
0.000686 0.000000
0.000641 0.000000
0.000596 0.000000
0.000551 0.000000
0.000507 0.000000
0.000464 0.000000
0.000421 0.000000
0.000379 0.000000
0.000338 0.000000
0.000297 0.000000
0.000257 0.000000
0.000218 0.000000
0.000180 0.000000
0.000142 0.000000
0.000106 0.000000
0.000070 0.000000
0.000034 0.000000
0.000000 0.000000
-0.000034 0.000000
-0.000066 0.000000
-0.000098 0.000000
-0.000129 0.000000
-0.000159 0.000000
-0.000189 0.000000
-0.000217 0.000000
-0.000245 0.000000
-0.000271 0.000000
-0.000297 0.000000
-0.000322 0.000000
-0.000346 0.000000
-0.000370 0.000000
-0.000392 0.000000
-0.000413 0.000000
-0.000434 0.000000
-0.000454 0.000000
-0.000473 0.000000
-0.000491 0.000000
-0.000508 0.000000
-0.000525 0.000000
-0.000540 0.000000
-0.000555 0.000000
-0.000569 0.000000
-0.000582 0.000000
-0.000594 0.000000
-0.000606 0.000000
-0.000617 0.000000
-0.000627 0.000000
-0.000636 0.000000
-0.000645 0.000000
-0.000653 0.000000
-0.000660 0.000000
-0.000667 0.000000
-0.000672 0.000000
-0.000677 0.000000
-0.000682 0.000000
-0.000686 0.000000
-0.000689 0.000000
-0.000692 0.000000
-0.000694 0.000000
-0.000695 0.000000
-0.000696 0.000000
-0.000696 0.000000
-0.000696 0.000000
-0.000695 0.000000
-0.000694 0.000000
-0.000692 0.000000
-0.000690 0.000000
-0.000687 0.000000
-0.000684 0.000000
-0.000680 0.000000
-0.000676 0.000000
-0.000672 0.000000
-0.000667 0.000000
-0.000662 0.000000
-0.000656 0.000000
-0.000650 0.000000
-0.000644 0.000000
-0.000638 0.000000
-0.000631 0.000000
-0.000624 0.000000
-0.000616 0.000000
-0.000609 0.000000
-0.000601 0.000000
-0.000593 0.000000
-0.000584 0.000000
-0.000576 0.000000
-0.000567 0.000000
-0.000558 0.000000
-0.000549 0.000000
-0.000540 0.000000
-0.000530 0.000000
-0.000521 0.000000
-0.000511 0.000000
-0.000501 0.000000
-0.000491 0.000000
-0.000481 0.000000
-0.000471 0.000000
-0.000461 0.000000
-0.000451 0.000000
-0.000440 0.000000
-0.000430 0.000000
-0.000419 0.000000
-0.000409 0.000000
-0.000398 0.000000
-0.000388 0.000000
-0.000377 0.000000
-0.000367 0.000000
-0.000356 0.000000
-0.000345 0.000000
-0.000335 0.000000
-0.000324 0.000000
-0.000313 0.000000
-0.000303 0.000000
-0.000292 0.000000
-0.000282 0.000000
-0.000271 0.000000
-0.000260 0.000000
-0.000250 0.000000
-0.000239 0.000000
-0.000229 0.000000
-0.000219 0.000000
-0.000208 0.000000
-0.000198 0.000000
-0.000188 0.000000
-0.000177 0.000000
-0.000167 0.000000
-0.000157 0.000000
-0.000147 0.000000
-0.000137 0.000000
-0.000127 0.000000
-0.000117 0.000000
-0.000107 0.000000
-0.000097 0.000000
-0.000087 0.000000
-0.000077 0.000000
-0.000067 0.000000
-0.000058 0.000000
-0.000048 0.000000
-0.000038 0.000000
-0.000029 0.000000
-0.000019 0.000000
-0.000009 0.000000
-0.000000 0.000000
