-0.000028 0.000000
-0.000057 0.000000
-0.000086 0.000000
-0.000115 0.000000
-0.000144 0.000000
-0.000173 0.000000
-0.000202 0.000000
-0.000231 0.000000
-0.000260 0.000000
-0.000290 0.000000
-0.000319 0.000000
-0.000349 0.000000
-0.000379 0.000000
-0.000409 0.000000
-0.000439 0.000000
-0.000469 0.000000
-0.000500 0.000000
-0.000530 0.000000
-0.000560 0.000000
-0.000591 0.000000
-0.000622 0.000000
-0.000653 0.000000
-0.000684 0.000000
-0.000715 0.000000
-0.000746 0.000000
-0.000777 0.000000
-0.000808 0.000000
-0.000840 0.000000
-0.000871 0.000000
-0.000903 0.000000
-0.000934 0.000000
-0.000966 0.000000
-0.000997 0.000000
-0.001029 0.000000
-0.001060 0.000000
-0.001092 0.000000
-0.001123 0.000000
-0.001155 0.000000
-0.001186 0.000000
-0.001217 0.000000
-0.001248 0.000000
-0.001279 0.000000
-0.001310 0.000000
-0.001341 0.000000
-0.001371 0.000000
-0.001402 0.000000
-0.001432 0.000000
-0.001461 0.000000
-0.001491 0.000000
-0.001520 0.000000
-0.001548 0.000000
-0.001577 0.000000
-0.001605 0.000000
-0.001632 0.000000
-0.001659 0.000000
-0.001686 0.000000
-0.001712 0.000000
-0.001737 0.000000
-0.001762 0.000000
-0.001786 0.000000
-0.001809 0.000000
-0.001832 0.000000
-0.001853 0.000000
-0.001875 0.000000
-0.001895 0.000000
-0.001914 0.000000
-0.001932 0.000000
-0.001950 0.000000
-0.001966 0.000000
-0.001981 0.000000
-0.001996 0.000000
-0.002009 0.000000
-0.002021 0.000000
-0.002031 0.000000
-0.002041 0.000000
-0.002049 0.000000
-0.002055 0.000000
-0.002060 0.000000
-0.002064 0.000000
-0.002066 0.000000
-0.002067 0.000000
-0.002066 0.000000
-0.002064 0.000000
-0.002060 0.000000
-0.002054 0.000000
-0.002046 0.000000
-0.002036 0.000000
-0.002025 0.000000
-0.002012 0.000000
-0.001996 0.000000
-0.001979 0.000000
-0.001960 0.000000
-0.001939 0.000000
-0.001915 0.000000
-0.001890 0.000000
-0.001862 0.000000
-0.001832 0.000000
-0.001800 0.000000
-0.001765 0.000000
-0.001729 0.000000
-0.001689 0.000000
-0.001648 0.000000
-0.001604 0.000000
-0.001558 0.000000
-0.001509 0.000000
-0.001458 0.000000
-0.001404 0.000000
-0.001348 0.000000
-0.001289 0.000000
-0.001228 0.000000
-0.001164 0.000000
-0.001098 0.000000
-0.001029 0.000000
-0.000957 0.000000
-0.000883 0.000000
-0.000806 0.000000
-0.000727 0.000000
-0.000645 0.000000
-0.000560 0.000000
-0.000473 0.000000
-0.000384 0.000000
-0.000292 0.000000
-0.000197 0.000000
-0.000100 0.000000
0.000000 0.000000
0.000102 0.000000
0.000207 0.000000
0.000314 0.000000
0.000423 0.000000
0.000535 0.000000
0.000649 0.000000
0.000765 0.000000
0.000884 0.000000
0.001004 0.000000
0.001127 0.000000
0.001252 0.000000
0.001379 0.000000
0.001508 0.000000
0.001638 0.000000
0.001771 0.000000
0.001905 0.000000
0.002041 0.000000
0.002179 0.000000
0.002318 0.000000
0.002458 0.000000
0.002600 0.000000
0.002743 0.000000
0.002887 0.000000
0.003032 0.000000
0.003179 0.000000
0.003326 0.000000
0.003474 0.000000
0.003622 0.000000
0.003772 0.000000
0.003921 0.000000
0.004071 0.000000
0.004221 0.000000
0.004371 0.000000
0.004522 0.000000
0.004672 0.000000
0.004821 0.000000
0.004971 0.000000
0.005119 0.000000
0.005267 0.000000
0.005415 0.000000
0.005561 0.000000
0.005706 0.000000
0.005850 0.000000
0.005993 0.000000
0.006134 0.000000
0.006273 0.000000
0.006410 0.000000
0.006546 0.000000
0.006679 0.000000
0.006810 0.000000
0.006938 0.000000
0.007064 0.000000
0.007187 0.000000
0.007308 0.000000
0.007425 0.000000
0.007539 0.000000
0.007649 0.000000
0.007756 0.000000
0.007859 0.000000
0.007958 0.000000
0.008053 0.000000
0.008144 0.000000
0.008231 0.000000
0.008313 0.000000
0.008390 0.000000
0.008463 0.000000
0.008530 0.000000
0.008592 0.000000
0.008649 0.000000
0.008701 0.000000
0.008747 0.000000
0.008787 0.000000
0.008821 0.000000
0.008849 0.000000
0.008871 0.000000
0.008886 0.000000
0.008895 0.000000
0.008898 0.000000
0.008893 0.000000
0.008882 0.000000
0.008864 0.000000
0.008838 0.000000
0.008806 0.000000
0.008766 0.000000
0.008718 0.000000
0.008663 0.000000
0.008600 0.000000
0.008529 0.000000
0.008451 0.000000
0.008364 0.000000
0.008269 0.000000
0.008167 0.000000
0.008056 0.000000
0.007936 0.000000
0.007808 0.000000
0.007672 0.000000
0.007527 0.000000
0.007374 0.000000
0.007212 0.000000
0.007042 0.000000
0.006863 0.000000
0.006675 0.000000
0.006478 0.000000
0.006273 0.000000
0.006059 0.000000
0.005836 0.000000
0.005605 0.000000
0.005365 0.000000
0.005116 0.000000
0.004858 0.000000
0.004592 0.000000
0.004318 0.000000
0.004034 0.000000
0.003743 0.000000
0.003443 0.000000
0.003134 0.000000
0.002818 0.000000
0.002493 0.000000
0.002160 0.000000
0.001819 0.000000
0.001471 0.000000
0.001114 0.000000
0.000750 0.000000
0.000379 0.000000
-0.000000 0.000000
-0.000386 0.000000
-0.000779 0.000000
-0.001179 0.000000
-0.001585 0.000000
-0.001998 0.000000
-0.002417 0.000000
-0.002843 0.000000
-0.003274 0.000000
-0.003711 0.000000
-0.004153 0.000000
-0.004601 0.000000
-0.005054 0.000000
-0.005511 0.000000
-0.005973 0.000000
-0.006439 0.000000
-0.006909 0.000000
-0.007382 0.000000
-0.007859 0.000000
-0.008340 0.000000
-0.008822 0.000000
-0.009308 0.000000
-0.009796 0.000000
-0.010285 0.000000
-0.010776 0.000000
-0.011268 0.000000
-0.011761 0.000000
-0.012255 0.000000
-0.012749 0.000000
-0.013242 0.000000
-0.013735 0.000000
-0.014227 0.000000
-0.014718 0.000000
-0.015207 0.000000
-0.015694 0.000000
-0.016179 0.000000
-0.016661 0.000000
-0.017139 0.000000
-0.017614 0.000000
-0.018085 0.000000
-0.018552 0.000000
-0.019013 0.000000
-0.019469 0.000000
-0.019920 0.000000
-0.020364 0.000000
-0.020802 0.000000
-0.021233 0.000000
-0.021656 0.000000
-0.022071 0.000000
-0.022478 0.000000
-0.022877 0.000000
-0.023266 0.000000
-0.023646 0.000000
-0.024015 0.000000
-0.024374 0.000000
-0.024722 0.000000
-0.025059 0.000000
-0.025384 0.000000
-0.025696 0.000000
-0.025996 0.000000
-0.026283 0.000000
-0.026556 0.000000
-0.026815 0.000000
-0.027060 0.000000
-0.027290 0.000000
-0.027504 0.000000
-0.027703 0.000000
-0.027885 0.000000
-0.028051 0.000000
-0.028200 0.000000
-0.028332 0.000000
-0.028446 0.000000
-0.028541 0.000000
-0.028619 0.000000
-0.028677 0.000000
-0.028715 0.000000
-0.028734 0.000000
-0.028733 0.000000
-0.028711 0.000000
-0.028669 0.000000
-0.028605 0.000000
-0.028520 0.000000
-0.028413 0.000000
-0.028284 0.000000
-0.028132 0.000000
-0.027957 0.000000
-0.027760 0.000000
-0.027538 0.000000
-0.027294 0.000000
-0.027025 0.000000
-0.026732 0.000000
-0.026414 0.000000
-0.026072 0.000000
-0.025704 0.000000
-0.025312 0.000000
-0.024894 0.000000
-0.024450 0.000000
-0.023981 0.000000
-0.023486 0.000000
-0.022964 0.000000
-0.022417 0.000000
-0.021842 0.000000
-0.021242 0.000000
-0.020614 0.000000
-0.019960 0.000000
-0.019279 0.000000
-0.018571 0.000000
-0.017836 0.000000
-0.017074 0.000000
-0.016285 0.000000
-0.015468 0.000000
-0.014625 0.000000
-0.013755 0.000000
-0.012857 0.000000
-0.011932 0.000000
-0.010981 0.000000
-0.010002 0.000000
-0.008997 0.000000
-0.007964 0.000000
-0.006906 0.000000
-0.005820 0.000000
-0.004708 0.000000
-0.003570 0.000000
-0.002406 0.000000
-0.001216 0.000000
0.000000 0.000000
0.001241 0.000000
0.002508 0.000000
0.003799 0.000000
0.005116 0.000000
0.006457 0.000000
0.007822 0.000000
0.009211 0.000000
0.010623 0.000000
0.012059 0.000000
0.013518 0.000000
0.015000 0.000000
0.016503 0.000000
0.018029 0.000000
0.019575 0.000000
0.021143 0.000000
0.022732 0.000000
0.024340 0.000000
0.025969 0.000000
0.027616 0.000000
0.029282 0.000000
0.030967 0.000000
0.032669 0.000000
0.034388 0.000000
0.036124 0.000000
0.037876 0.000000
0.039644 0.000000
0.041427 0.000000
0.043224 0.000000
0.045035 0.000000
0.046859 0.000000
0.048696 0.000000
0.050545 0.000000
0.052405 0.000000
0.054276 0.000000
0.056158 0.000000
0.058048 0.000000
0.059948 0.000000
0.061855 0.000000
0.063770 0.000000
0.065692 0.000000
0.067619 0.000000
0.069552 0.000000
0.071490 0.000000
0.073431 0.000000
0.075375 0.000000
0.077322 0.000000
0.079271 0.000000
0.081221 0.000000
0.083170 0.000000
0.085120 0.000000
0.087067 0.000000
0.089013 0.000000
0.090956 0.000000
0.092895 0.000000
0.094830 0.000000
0.096760 0.000000
0.098684 0.000000
0.100602 0.000000
0.102511 0.000000
0.104413 0.000000
0.106306 0.000000
0.108189 0.000000
0.110061 0.000000
0.111922 0.000000
0.113771 0.000000
0.115607 0.000000
0.117430 0.000000
0.119238 0.000000
0.121031 0.000000
0.122808 0.000000
0.124569 0.000000
0.126312 0.000000
0.128037 0.000000
0.129744 0.000000
0.131431 0.000000
0.133097 0.000000
0.134743 0.000000
0.136367 0.000000
0.137969 0.000000
0.139547 0.000000
0.141102 0.000000
0.142633 0.000000
0.144138 0.000000
0.145618 0.000000
0.147071 0.000000
0.148497 0.000000
0.149896 0.000000
0.151266 0.000000
0.152608 0.000000
0.153920 0.000000
0.155202 0.000000
0.156453 0.000000
0.157674 0.000000
0.158863 0.000000
0.160019 0.000000
0.161143 0.000000
0.162234 0.000000
0.163291 0.000000
0.164313 0.000000
0.165302 0.000000
0.166255 0.000000
0.167172 0.000000
0.168054 0.000000
0.168900 0.000000
0.169708 0.000000
0.170480 0.000000
0.171215 0.000000
0.171911 0.000000
0.172570 0.000000
0.173190 0.000000
0.173772 0.000000
0.174315 0.000000
0.174819 0.000000
0.175283 0.000000
0.175708 0.000000
0.176093 0.000000
0.176439 0.000000
0.176744 0.000000
0.177009 0.000000
0.177234 0.000000
0.177418 0.000000
0.177562 0.000000
0.177665 0.000000
0.177728 0.000000
0.177750 0.000000
0.177731 0.000000
0.177672 0.000000
0.177572 0.000000
0.177431 0.000000
0.177250 0.000000
0.177028 0.000000
0.176767 0.000000
0.176464 0.000000
0.176122 0.000000
0.175740 0.000000
0.175318 0.000000
0.174857 0.000000
0.174356 0.000000
0.173816 0.000000
0.173238 0.000000
0.172620 0.000000
0.171965 0.000000
0.171271 0.000000
0.170539 0.000000
0.169770 0.000000
0.168964 0.000000
0.168122 0.000000
0.167242 0.000000
0.166327 0.000000
0.165377 0.000000
0.164391 0.000000
0.163371 0.000000
0.162316 0.000000
0.161228 0.000000
0.160107 0.000000
0.158952 0.000000
0.157766 0.000000
0.156548 0.000000
0.155298 0.000000
0.154018 0.000000
0.152708 0.000000
0.151368 0.000000
0.150000 0.000000
0.148603 0.000000
0.147178 0.000000
0.145727 0.000000
0.144249 0.000000
0.142745 0.000000
0.141216 0.000000
0.139662 0.000000
0.138085 0.000000
0.136484 0.000000
0.134861 0.000000
0.133217 0.000000
0.131551 0.000000
0.129865 0.000000
0.128159 0.000000
0.126435 0.000000
0.124692 0.000000
0.122932 0.000000
0.121155 0.000000
0.119363 0.000000
0.117555 0.000000
0.115732 0.000000
0.113896 0.000000
0.112047 0.000000
0.110186 0.000000
0.108314 0.000000
0.106431 0.000000
0.104538 0.000000
0.102636 0.000000
0.100726 0.000000
0.098808 0.000000
0.096883 0.000000
0.094953 0.000000
0.093017 0.000000
0.091077 0.000000
0.089133 0.000000
0.087186 0.000000
0.085237 0.000000
0.083287 0.000000
0.081336 0.000000
0.079385 0.000000
0.077435 0.000000
0.075487 0.000000
0.073541 0.000000
0.071598 0.000000
0.069659 0.000000
0.067724 0.000000
0.065795 0.000000
0.063872 0.000000
0.061955 0.000000
0.060046 0.000000
0.058144 0.000000
0.056252 0.000000
0.054368 0.000000
0.052495 0.000000
0.050633 0.000000
0.048781 0.000000
0.046942 0.000000
0.045116 0.000000
0.043302 0.000000
0.041502 0.000000
0.039717 0.000000
0.037947 0.000000
0.036192 0.000000
0.034454 0.000000
0.032732 0.000000
0.031027 0.000000
0.029340 0.000000
0.027671 0.000000
0.026021 0.000000
0.024390 0.000000
0.022778 0.000000
0.021187 0.000000
0.019616 0.000000
0.018067 0.000000
0.016538 0.000000
0.015032 0.000000
0.013548 0.000000
0.012086 0.000000
0.010647 0.000000
0.009231 0.000000
0.007839 0.000000
0.006471 0.000000
0.005128 0.000000
0.003808 0.000000
0.002514 0.000000
0.001244 0.000000
0.000000 0.000000
-0.001219 0.000000
-0.002412 0.000000
-0.003579 0.000000
-0.004720 0.000000
-0.005834 0.000000
-0.006923 0.000000
-0.007984 0.000000
-0.009019 0.000000
-0.010028 0.000000
-0.011009 0.000000
-0.011963 0.000000
-0.012891 0.000000
-0.013791 0.000000
-0.014664 0.000000
-0.015510 0.000000
-0.016329 0.000000
-0.017120 0.000000
-0.017885 0.000000
-0.018622 0.000000
-0.019333 0.000000
-0.020016 0.000000
-0.020673 0.000000
-0.021302 0.000000
-0.021905 0.000000
-0.022481 0.000000
-0.023031 0.000000
-0.023555 0.000000
-0.024052 0.000000
-0.024523 0.000000
-0.024969 0.000000
-0.025388 0.000000
-0.025783 0.000000
-0.026152 0.000000
-0.026496 0.000000
-0.026815 0.000000
-0.027109 0.000000
-0.027380 0.000000
-0.027626 0.000000
-0.027849 0.000000
-0.028048 0.000000
-0.028223 0.000000
-0.028376 0.000000
-0.028507 0.000000
-0.028615 0.000000
-0.028701 0.000000
-0.028765 0.000000
-0.028809 0.000000
-0.028831 0.000000
-0.028833 0.000000
-0.028814 0.000000
-0.028776 0.000000
-0.028719 0.000000
-0.028642 0.000000
-0.028547 0.000000
-0.028433 0.000000
-0.028302 0.000000
-0.028153 0.000000
-0.027987 0.000000
-0.027804 0.000000
-0.027605 0.000000
-0.027391 0.000000
-0.027161 0.000000
-0.026916 0.000000
-0.026656 0.000000
-0.026383 0.000000
-0.026096 0.000000
-0.025795 0.000000
-0.025482 0.000000
-0.025157 0.000000
-0.024819 0.000000
-0.024470 0.000000
-0.024111 0.000000
-0.023740 0.000000
-0.023360 0.000000
-0.022969 0.000000
-0.022570 0.000000
-0.022162 0.000000
-0.021745 0.000000
-0.021321 0.000000
-0.020889 0.000000
-0.020449 0.000000
-0.020004 0.000000
-0.019552 0.000000
-0.019094 0.000000
-0.018631 0.000000
-0.018163 0.000000
-0.017691 0.000000
-0.017214 0.000000
-0.016734 0.000000
-0.016251 0.000000
-0.015764 0.000000
-0.015275 0.000000
-0.014784 0.000000
-0.014292 0.000000
-0.013798 0.000000
-0.013303 0.000000
-0.012807 0.000000
-0.012312 0.000000
-0.011816 0.000000
-0.011321 0.000000
-0.010827 0.000000
-0.010334 0.000000
-0.009842 0.000000
-0.009353 0.000000
-0.008865 0.000000
-0.008380 0.000000
-0.007898 0.000000
-0.007419 0.000000
-0.006943 0.000000
-0.006471 0.000000
-0.006002 0.000000
-0.005539 0.000000
-0.005079 0.000000
-0.004624 0.000000
-0.004175 0.000000
-0.003730 0.000000
-0.003291 0.000000
-0.002858 0.000000
-0.002430 0.000000
-0.002009 0.000000
-0.001594 0.000000
-0.001185 0.000000
-0.000783 0.000000
-0.000388 0.000000
-0.000000 0.000000
0.000381 0.000000
0.000754 0.000000
0.001120 0.000000
0.001479 0.000000
0.001829 0.000000
0.002172 0.000000
0.002507 0.000000
0.002834 0.000000
0.003152 0.000000
0.003462 0.000000
0.003764 0.000000
0.004058 0.000000
0.004343 0.000000
0.004619 0.000000
0.004887 0.000000
0.005146 0.000000
0.005396 0.000000
0.005638 0.000000
0.005871 0.000000
0.006095 0.000000
0.006311 0.000000
0.006517 0.000000
0.006715 0.000000
0.006904 0.000000
0.007085 0.000000
0.007257 0.000000
0.007420 0.000000
0.007574 0.000000
0.007720 0.000000
0.007857 0.000000
0.007986 0.000000
0.008107 0.000000
0.008219 0.000000
0.008323 0.000000
0.008418 0.000000
0.008506 0.000000
0.008585 0.000000
0.008656 0.000000
0.008720 0.000000
0.008776 0.000000
0.008824 0.000000
0.008865 0.000000
0.008898 0.000000
0.008924 0.000000
0.008942 0.000000
0.008954 0.000000
0.008959 0.000000
0.008957 0.000000
0.008948 0.000000
0.008933 0.000000
0.008911 0.000000
0.008883 0.000000
0.008849 0.000000
0.008809 0.000000
0.008763 0.000000
0.008711 0.000000
0.008654 0.000000
0.008592 0.000000
0.008524 0.000000
0.008451 0.000000
0.008374 0.000000
0.008291 0.000000
0.008205 0.000000
0.008113 0.000000
0.008018 0.000000
0.007918 0.000000
0.007814 0.000000
0.007707 0.000000
0.007596 0.000000
0.007482 0.000000
0.007364 0.000000
0.007243 0.000000
0.007119 0.000000
0.006992 0.000000
0.006863 0.000000
0.006731 0.000000
0.006597 0.000000
0.006461 0.000000
0.006323 0.000000
0.006183 0.000000
0.006041 0.000000
0.005897 0.000000
0.005752 0.000000
0.005606 0.000000
0.005459 0.000000
0.005311 0.000000
0.005162 0.000000
0.005012 0.000000
0.004862 0.000000
0.004711 0.000000
0.004560 0.000000
0.004408 0.000000
0.004257 0.000000
0.004106 0.000000
0.003955 0.000000
0.003804 0.000000
0.003654 0.000000
0.003504 0.000000
0.003355 0.000000
0.003207 0.000000
0.003059 0.000000
0.002913 0.000000
0.002767 0.000000
0.002623 0.000000
0.002480 0.000000
0.002338 0.000000
0.002198 0.000000
0.002059 0.000000
0.001922 0.000000
0.001787 0.000000
0.001653 0.000000
0.001522 0.000000
0.001392 0.000000
0.001264 0.000000
0.001138 0.000000
0.001014 0.000000
0.000892 0.000000
0.000772 0.000000
0.000655 0.000000
0.000540 0.000000
0.000427 0.000000
0.000317 0.000000
0.000209 0.000000
0.000103 0.000000
0.000000 0.000000
-0.000101 0.000000
-0.000199 0.000000
-0.000294 0.000000
-0.000387 0.000000
-0.000478 0.000000
-0.000566 0.000000
-0.000651 0.000000
-0.000734 0.000000
-0.000814 0.000000
-0.000892 0.000000
-0.000967 0.000000
-0.001039 0.000000
-0.001109 0.000000
-0.001176 0.000000
-0.001240 0.000000
-0.001302 0.000000
-0.001361 0.000000
-0.001418 0.000000
-0.001473 0.000000
-0.001524 0.000000
-0.001574 0.000000
-0.001620 0.000000
-0.001665 0.000000
-0.001707 0.000000
-0.001746 0.000000
-0.001783 0.000000
-0.001818 0.000000
-0.001851 0.000000
-0.001881 0.000000
-0.001909 0.000000
-0.001935 0.000000
-0.001959 0.000000
-0.001980 0.000000
-0.002000 0.000000
-0.002017 0.000000
-0.002032 0.000000
-0.002046 0.000000
-0.002057 0.000000
-0.002067 0.000000
-0.002075 0.000000
-0.002081 0.000000
-0.002085 0.000000
-0.002087 0.000000
-0.002088 0.000000
-0.002088 0.000000
-0.002085 0.000000
-0.002081 0.000000
-0.002076 0.000000
-0.002069 0.000000
-0.002061 0.000000
-0.002052 0.000000
-0.002041 0.000000
-0.002029 0.000000
-0.002016 0.000000
-0.002001 0.000000
-0.001986 0.000000
-0.001969 0.000000
-0.001951 0.000000
-0.001933 0.000000
-0.001913 0.000000
-0.001893 0.000000
-0.001871 0.000000
-0.001849 0.000000
-0.001826 0.000000
-0.001803 0.000000
-0.001778 0.000000
-0.001753 0.000000
-0.001727 0.000000
-0.001701 0.000000
-0.001674 0.000000
-0.001647 0.000000
-0.001619 0.000000
-0.001591 0.000000
-0.001562 0.000000
-0.001533 0.000000
-0.001504 0.000000
-0.001474 0.000000
-0.001444 0.000000
-0.001413 0.000000
-0.001383 0.000000
-0.001352 0.000000
-0.001321 0.000000
-0.001289 0.000000
-0.001258 0.000000
-0.001226 0.000000
-0.001195 0.000000
-0.001163 0.000000
-0.001131 0.000000
-0.001100 0.000000
-0.001068 0.000000
-0.001036 0.000000
-0.001004 0.000000
-0.000972 0.000000
-0.000940 0.000000
-0.000908 0.000000
-0.000876 0.000000
-0.000845 0.000000
-0.000813 0.000000
-0.000781 0.000000
-0.000750 0.000000
-0.000718 0.000000
-0.000687 0.000000
-0.000656 0.000000
-0.000625 0.000000
-0.000594 0.000000
-0.000563 0.000000
-0.000532 0.000000
-0.000501 0.000000
-0.000471 0.000000
-0.000440 0.000000
-0.000410 0.000000
-0.000380 0.000000
-0.000350 0.000000
-0.000320 0.000000
-0.000290 0.000000
-0.000261 0.000000
-0.000231 0.000000
-0.000202 0.000000
-0.000173 0.000000
-0.000144 0.000000
-0.000115 0.000000
-0.000086 0.000000
-0.000057 0.000000
-0.000028 0.000000
-0.000000 0.000000
