-0.000002 0.000000
-0.000005 0.000000
-0.000007 0.000000
-0.000009 0.000000
-0.000012 0.000000
-0.000014 0.000000
-0.000017 0.000000
-0.000019 0.000000
-0.000021 0.000000
-0.000024 0.000000
-0.000026 0.000000
-0.000029 0.000000
-0.000031 0.000000
-0.000033 0.000000
-0.000036 0.000000
-0.000038 0.000000
-0.000041 0.000000
-0.000043 0.000000
-0.000045 0.000000
-0.000048 0.000000
-0.000050 0.000000
-0.000053 0.000000
-0.000055 0.000000
-0.000058 0.000000
-0.000060 0.000000
-0.000062 0.000000
-0.000065 0.000000
-0.000067 0.000000
-0.000070 0.000000
-0.000072 0.000000
-0.000075 0.000000
-0.000077 0.000000
-0.000080 0.000000
-0.000082 0.000000
-0.000084 0.000000
-0.000087 0.000000
-0.000089 0.000000
-0.000092 0.000000
-0.000094 0.000000
-0.000097 0.000000
-0.000099 0.000000
-0.000102 0.000000
-0.000104 0.000000
-0.000107 0.000000
-0.000109 0.000000
-0.000112 0.000000
-0.000114 0.000000
-0.000117 0.000000
-0.000119 0.000000
-0.000122 0.000000
-0.000124 0.000000
-0.000127 0.000000
-0.000129 0.000000
-0.000132 0.000000
-0.000134 0.000000
-0.000137 0.000000
-0.000139 0.000000
-0.000142 0.000000
-0.000144 0.000000
-0.000147 0.000000
-0.000149 0.000000
-0.000152 0.000000
-0.000154 0.000000
-0.000157 0.000000
-0.000159 0.000000
-0.000162 0.000000
-0.000164 0.000000
-0.000167 0.000000
-0.000169 0.000000
-0.000172 0.000000
-0.000175 0.000000
-0.000177 0.000000
-0.000180 0.000000
-0.000182 0.000000
-0.000185 0.000000
-0.000187 0.000000
-0.000190 0.000000
-0.000193 0.000000
-0.000195 0.000000
-0.000198 0.000000
-0.000200 0.000000
-0.000203 0.000000
-0.000205 0.000000
-0.000208 0.000000
-0.000211 0.000000
-0.000213 0.000000
-0.000216 0.000000
-0.000218 0.000000
-0.000221 0.000000
-0.000224 0.000000
-0.000226 0.000000
-0.000229 0.000000
-0.000231 0.000000
-0.000234 0.000000
-0.000237 0.000000
-0.000239 0.000000
-0.000242 0.000000
-0.000244 0.000000
-0.000247 0.000000
-0.000250 0.000000
-0.000252 0.000000
-0.000255 0.000000
-0.000257 0.000000
-0.000260 0.000000
-0.000263 0.000000
-0.000265 0.000000
-0.000268 0.000000
-0.000271 0.000000
-0.000273 0.000000
-0.000276 0.000000
-0.000278 0.000000
-0.000281 0.000000
-0.000284 0.000000
-0.000286 0.000000
-0.000289 0.000000
-0.000292 0.000000
-0.000294 0.000000
-0.000297 0.000000
-0.000300 0.000000
-0.000302 0.000000
-0.000305 0.000000
-0.000308 0.000000
-0.000310 0.000000
-0.000313 0.000000
-0.000315 0.000000
-0.000318 0.000000
-0.000321 0.000000
-0.000323 0.000000
-0.000326 0.000000
-0.000329 0.000000
-0.000331 0.000000
-0.000334 0.000000
-0.000337 0.000000
-0.000339 0.000000
-0.000342 0.000000
-0.000345 0.000000
-0.000347 0.000000
-0.000350 0.000000
-0.000353 0.000000
-0.000355 0.000000
-0.000358 0.000000
-0.000360 0.000000
-0.000363 0.000000
-0.000366 0.000000
-0.000368 0.000000
-0.000371 0.000000
-0.000374 0.000000
-0.000376 0.000000
-0.000379 0.000000
-0.000382 0.000000
-0.000384 0.000000
-0.000387 0.000000
-0.000390 0.000000
-0.000392 0.000000
-0.000395 0.000000
-0.000397 0.000000
-0.000400 0.000000
-0.000403 0.000000
-0.000405 0.000000
-0.000408 0.000000
-0.000411 0.000000
-0.000413 0.000000
-0.000416 0.000000
-0.000418 0.000000
-0.000421 0.000000
-0.000424 0.000000
-0.000426 0.000000
-0.000429 0.000000
-0.000431 0.000000
-0.000434 0.000000
-0.000437 0.000000
-0.000439 0.000000
-0.000442 0.000000
-0.000444 0.000000
-0.000447 0.000000
-0.000450 0.000000
-0.000452 0.000000
-0.000455 0.000000
-0.000457 0.000000
-0.000460 0.000000
-0.000462 0.000000
-0.000465 0.000000
-0.000467 0.000000
-0.000470 0.000000
-0.000472 0.000000
-0.000475 0.000000
-0.000478 0.000000
-0.000480 0.000000
-0.000483 0.000000
-0.000485 0.000000
-0.000488 0.000000
-0.000490 0.000000
-0.000493 0.000000
-0.000495 0.000000
-0.000497 0.000000
-0.000500 0.000000
-0.000502 0.000000
-0.000505 0.000000
-0.000507 0.000000
-0.000510 0.000000
-0.000512 0.000000
-0.000515 0.000000
-0.000517 0.000000
-0.000519 0.000000
-0.000522 0.000000
-0.000524 0.000000
-0.000527 0.000000
-0.000529 0.000000
-0.000531 0.000000
-0.000534 0.000000
-0.000536 0.000000
-0.000538 0.000000
-0.000541 0.000000
-0.000543 0.000000
-0.000545 0.000000
-0.000548 0.000000
-0.000550 0.000000
-0.000552 0.000000
-0.000554 0.000000
-0.000557 0.000000
-0.000559 0.000000
-0.000561 0.000000
-0.000563 0.000000
-0.000566 0.000000
-0.000568 0.000000
-0.000570 0.000000
-0.000572 0.000000
-0.000574 0.000000
-0.000576 0.000000
-0.000579 0.000000
-0.000581 0.000000
-0.000583 0.000000
-0.000585 0.000000
-0.000587 0.000000
-0.000589 0.000000
-0.000591 0.000000
-0.000593 0.000000
-0.000595 0.000000
-0.000597 0.000000
-0.000599 0.000000
-0.000601 0.000000
-0.000603 0.000000
-0.000605 0.000000
-0.000607 0.000000
-0.000609 0.000000
-0.000611 0.000000
-0.000613 0.000000
-0.000615 0.000000
-0.000617 0.000000
-0.000618 0.000000
-0.000620 0.000000
-0.000622 0.000000
-0.000624 0.000000
-0.000626 0.000000
-0.000627 0.000000
-0.000629 0.000000
-0.000631 0.000000
-0.000633 0.000000
-0.000634 0.000000
-0.000636 0.000000
-0.000638 0.000000
-0.000639 0.000000
-0.000641 0.000000
-0.000642 0.000000
-0.000644 0.000000
-0.000646 0.000000
-0.000647 0.000000
-0.000649 0.000000
-0.000650 0.000000
-0.000652 0.000000
-0.000653 0.000000
-0.000654 0.000000
-0.000656 0.000000
-0.000657 0.000000
-0.000659 0.000000
-0.000660 0.000000
-0.000661 0.000000
-0.000663 0.000000
-0.000664 0.000000
-0.000665 0.000000
-0.000666 0.000000
-0.000668 0.000000
-0.000669 0.000000
-0.000670 0.000000
-0.000671 0.000000
-0.000672 0.000000
-0.000673 0.000000
-0.000674 0.000000
-0.000675 0.000000
-0.000676 0.000000
-0.000677 0.000000
-0.000678 0.000000
-0.000679 0.000000
-0.000680 0.000000
-0.000681 0.000000
-0.000682 0.000000
-0.000683 0.000000
-0.000683 0.000000
-0.000684 0.000000
-0.000685 0.000000
-0.000686 0.000000
-0.000686 0.000000
-0.000687 0.000000
-0.000688 0.000000
-0.000688 0.000000
-0.000689 0.000000
-0.000689 0.000000
-0.000690 0.000000
-0.000690 0.000000
-0.000691 0.000000
-0.000691 0.000000
-0.000692 0.000000
-0.000692 0.000000
-0.000692 0.000000
-0.000693 0.000000
-0.000693 0.000000
-0.000693 0.000000
-0.000693 0.000000
-0.000694 0.000000
-0.000694 0.000000
-0.000694 0.000000
-0.000694 0.000000
-0.000694 0.000000
-0.000694 0.000000
-0.000694 0.000000
-0.000694 0.000000
-0.000694 0.000000
-0.000694 0.000000
-0.000693 0.000000
-0.000693 0.000000
-0.000693 0.000000
-0.000693 0.000000
-0.000692 0.000000
-0.000692 0.000000
-0.000692 0.000000
-0.000691 0.000000
-0.000691 0.000000
-0.000690 0.000000
-0.000690 0.000000
-0.000689 0.000000
-0.000689 0.000000
-0.000688 0.000000
-0.000687 0.000000
-0.000687 0.000000
-0.000686 0.000000
-0.000685 0.000000
-0.000684 0.000000
-0.000684 0.000000
-0.000683 0.000000
-0.000682 0.000000
-0.000681 0.000000
-0.000680 0.000000
-0.000679 0.000000
-0.000678 0.000000
-0.000676 0.000000
-0.000675 0.000000
-0.000674 0.000000
-0.000673 0.000000
-0.000671 0.000000
-0.000670 0.000000
-0.000669 0.000000
-0.000667 0.000000
-0.000666 0.000000
-0.000664 0.000000
-0.000663 0.000000
-0.000661 0.000000
-0.000660 0.000000
-0.000658 0.000000
-0.000656 0.000000
-0.000654 0.000000
-0.000653 0.000000
-0.000651 0.000000
-0.000649 0.000000
-0.000647 0.000000
-0.000645 0.000000
-0.000643 0.000000
-0.000641 0.000000
-0.000639 0.000000
-0.000636 0.000000
-0.000634 0.000000
-0.000632 0.000000
-0.000630 0.000000
-0.000627 0.000000
-0.000625 0.000000
-0.000623 0.000000
-0.000620 0.000000
-0.000617 0.000000
-0.000615 0.000000
-0.000612 0.000000
-0.000610 0.000000
-0.000607 0.000000
-0.000604 0.000000
-0.000601 0.000000
-0.000598 0.000000
-0.000595 0.000000
-0.000593 0.000000
-0.000589 0.000000
-0.000586 0.000000
-0.000583 0.000000
-0.000580 0.000000
-0.000577 0.000000
-0.000574 0.000000
-0.000570 0.000000
-0.000567 0.000000
-0.000564 0.000000
-0.000560 0.000000
-0.000557 0.000000
-0.000553 0.000000
-0.000549 0.000000
-0.000546 0.000000
-0.000542 0.000000
-0.000538 0.000000
-0.000535 0.000000
-0.000531 0.000000
-0.000527 0.000000
-0.000523 0.000000
-0.000519 0.000000
-0.000515 0.000000
-0.000511 0.000000
-0.000506 0.000000
-0.000502 0.000000
-0.000498 0.000000
-0.000494 0.000000
-0.000489 0.000000
-0.000485 0.000000
-0.000480 0.000000
-0.000476 0.000000
-0.000471 0.000000
-0.000467 0.000000
-0.000462 0.000000
-0.000457 0.000000
-0.000452 0.000000
-0.000447 0.000000
-0.000443 0.000000
-0.000438 0.000000
-0.000433 0.000000
-0.000428 0.000000
-0.000422 0.000000
-0.000417 0.000000
-0.000412 0.000000
-0.000407 0.000000
-0.000401 0.000000
-0.000396 0.000000
-0.000391 0.000000
-0.000385 0.000000
-0.000380 0.000000
-0.000374 0.000000
-0.000368 0.000000
-0.000363 0.000000
-0.000357 0.000000
-0.000351 0.000000
-0.000345 0.000000
-0.000339 0.000000
-0.000333 0.000000
-0.000327 0.000000
-0.000321 0.000000
-0.000315 0.000000
-0.000309 0.000000
-0.000303 0.000000
-0.000296 0.000000
-0.000290 0.000000
-0.000283 0.000000
-0.000277 0.000000
-0.000270 0.000000
-0.000264 0.000000
-0.000257 0.000000
-0.000251 0.000000
-0.000244 0.000000
-0.000237 0.000000
-0.000230 0.000000
-0.000223 0.000000
-0.000216 0.000000
-0.000209 0.000000
-0.000202 0.000000
-0.000195 0.000000
-0.000188 0.000000
-0.000181 0.000000
-0.000174 0.000000
-0.000166 0.000000
-0.000159 0.000000
-0.000151 0.000000
-0.000144 0.000000
-0.000136 0.000000
-0.000129 0.000000
-0.000121 0.000000
-0.000113 0.000000
-0.000106 0.000000
-0.000098 0.000000
-0.000090 0.000000
-0.000082 0.000000
-0.000074 0.000000
-0.000066 0.000000
-0.000058 0.000000
-0.000050 0.000000
-0.000042 0.000000
-0.000033 0.000000
-0.000025 0.000000
-0.000017 0.000000
-0.000008 0.000000
0.000000 0.000000
0.000008 0.000000
0.000017 0.000000
0.000026 0.000000
0.000034 0.000000
0.000043 0.000000
0.000052 0.000000
0.000061 0.000000
0.000069 0.000000
0.000078 0.000000
0.000087 0.000000
0.000096 0.000000
0.000105 0.000000
0.000114 0.000000
0.000123 0.000000
0.000133 0.000000
0.000142 0.000000
0.000151 0.000000
0.000161 0.000000
0.000170 0.000000
0.000179 0.000000
0.000189 0.000000
0.000198 0.000000
0.000208 0.000000
0.000218 0.000000
0.000227 0.000000
0.000237 0.000000
0.000247 0.000000
0.000257 0.000000
0.000266 0.000000
0.000276 0.000000
0.000286 0.000000
0.000296 0.000000
0.000306 0.000000
0.000317 0.000000
0.000327 0.000000
0.000337 0.000000
0.000347 0.000000
0.000357 0.000000
0.000368 0.000000
0.000378 0.000000
0.000388 0.000000
0.000399 0.000000
0.000409 0.000000
0.000420 0.000000
0.000430 0.000000
0.000441 0.000000
0.000452 0.000000
0.000462 0.000000
0.000473 0.000000
0.000484 0.000000
0.000495 0.000000
0.000506 0.000000
0.000516 0.000000
0.000527 0.000000
0.000538 0.000000
0.000549 0.000000
0.000560 0.000000
0.000571 0.000000
0.000583 0.000000
0.000594 0.000000
0.000605 0.000000
0.000616 0.000000
0.000627 0.000000
0.000639 0.000000
0.000650 0.000000
0.000661 0.000000
0.000673 0.000000
0.000684 0.000000
0.000696 0.000000
0.000707 0.000000
0.000719 0.000000
0.000730 0.000000
0.000742 0.000000
0.000754 0.000000
0.000765 0.000000
0.000777 0.000000
0.000789 0.000000
0.000800 0.000000
0.000812 0.000000
0.000824 0.000000
0.000836 0.000000
0.000848 0.000000
0.000860 0.000000
0.000872 0.000000
0.000883 0.000000
0.000895 0.000000
0.000907 0.000000
0.000919 0.000000
0.000932 0.000000
0.000944 0.000000
0.000956 0.000000
0.000968 0.000000
0.000980 0.000000
0.000992 0.000000
0.001004 0.000000
0.001016 0.000000
0.001029 0.000000
0.001041 0.000000
0.001053 0.000000
0.001065 0.000000
0.001078 0.000000
0.001090 0.000000
0.001102 0.000000
0.001115 0.000000
0.001127 0.000000
0.001140 0.000000
0.001152 0.000000
0.001164 0.000000
0.001177 0.000000
0.001189 0.000000
0.001202 0.000000
0.001214 0.000000
0.001227 0.000000
0.001239 0.000000
0.001252 0.000000
0.001264 0.000000
0.001277 0.000000
0.001289 0.000000
0.001302 0.000000
0.001314 0.000000
0.001327 0.000000
0.001339 0.000000
0.001352 0.000000
0.001364 0.000000
0.001377 0.000000
0.001389 0.000000
0.001402 0.000000
0.001415 0.000000
0.001427 0.000000
0.001440 0.000000
0.001452 0.000000
0.001465 0.000000
0.001477 0.000000
0.001490 0.000000
0.001503 0.000000
0.001515 0.000000
0.001528 0.000000
0.001540 0.000000
0.001553 0.000000
0.001565 0.000000
0.001578 0.000000
0.001590 0.000000
0.001603 0.000000
0.001616 0.000000
0.001628 0.000000
0.001641 0.000000
0.001653 0.000000
0.001666 0.000000
0.001678 0.000000
0.001690 0.000000
0.001703 0.000000
0.001715 0.000000
0.001728 0.000000
0.001740 0.000000
0.001753 0.000000
0.001765 0.000000
0.001777 0.000000
0.001790 0.000000
0.001802 0.000000
0.001814 0.000000
0.001826 0.000000
0.001839 0.000000
0.001851 0.000000
0.001863 0.000000
0.001875 0.000000
0.001887 0.000000
0.001900 0.000000
0.001912 0.000000
0.001924 0.000000
0.001936 0.000000
0.001948 0.000000
0.001960 0.000000
0.001972 0.000000
0.001984 0.000000
0.001996 0.000000
0.002008 0.000000
0.002019 0.000000
0.002031 0.000000
0.002043 0.000000
0.002055 0.000000
0.002066 0.000000
0.002078 0.000000
0.002090 0.000000
0.002101 0.000000
0.002113 0.000000
0.002124 0.000000
0.002136 0.000000
0.002147 0.000000
0.002159 0.000000
0.002170 0.000000
0.002181 0.000000
0.002193 0.000000
0.002204 0.000000
0.002215 0.000000
0.002226 0.000000
0.002237 0.000000
0.002248 0.000000
0.002259 0.000000
0.002270 0.000000
0.002281 0.000000
0.002292 0.000000
0.002303 0.000000
0.002313 0.000000
0.002324 0.000000
0.002335 0.000000
0.002345 0.000000
0.002356 0.000000
0.002366 0.000000
0.002376 0.000000
0.002387 0.000000
0.002397 0.000000
0.002407 0.000000
0.002417 0.000000
0.002427 0.000000
0.002437 0.000000
0.002447 0.000000
0.002457 0.000000
0.002467 0.000000
0.002477 0.000000
0.002487 0.000000
0.002496 0.000000
0.002506 0.000000
0.002515 0.000000
0.002525 0.000000
0.002534 0.000000
0.002543 0.000000
0.002552 0.000000
0.002562 0.000000
0.002571 0.000000
0.002580 0.000000
0.002588 0.000000
0.002597 0.000000
0.002606 0.000000
0.002615 0.000000
0.002623 0.000000
0.002632 0.000000
0.002640 0.000000
0.002648 0.000000
0.002657 0.000000
0.002665 0.000000
0.002673 0.000000
0.002681 0.000000
0.002689 0.000000
0.002697 0.000000
0.002704 0.000000
0.002712 0.000000
0.002720 0.000000
0.002727 0.000000
0.002734 0.000000
0.002742 0.000000
0.002749 0.000000
0.002756 0.000000
0.002763 0.000000
0.002770 0.000000
0.002777 0.000000
0.002783 0.000000
0.002790 0.000000
0.002796 0.000000
0.002803 0.000000
0.002809 0.000000
0.002815 0.000000
0.002821 0.000000
0.002827 0.000000
0.002833 0.000000
0.002839 0.000000
0.002845 0.000000
0.002850 0.000000
0.002856 0.000000
0.002861 0.000000
0.002866 0.000000
0.002872 0.000000
0.002877 0.000000
0.002882 0.000000
0.002886 0.000000
0.002891 0.000000
0.002896 0.000000
0.002900 0.000000
0.002904 0.000000
0.002909 0.000000
0.002913 0.000000
0.002917 0.000000
0.002921 0.000000
0.002924 0.000000
0.002928 0.000000
0.002932 0.000000
0.002935 0.000000
0.002938 0.000000
0.002941 0.000000
0.002944 0.000000
0.002947 0.000000
0.002950 0.000000
0.002953 0.000000
0.002955 0.000000
0.002958 0.000000
0.002960 0.000000
0.002962 0.000000
0.002964 0.000000
0.002966 0.000000
0.002968 0.000000
0.002969 0.000000
0.002971 0.000000
0.002972 0.000000
0.002973 0.000000
0.002974 0.000000
0.002975 0.000000
0.002976 0.000000
0.002977 0.000000
0.002977 0.000000
0.002978 0.000000
0.002978 0.000000
0.002978 0.000000
0.002978 0.000000
0.002978 0.000000
0.002978 0.000000
0.002977 0.000000
0.002977 0.000000
0.002976 0.000000
0.002975 0.000000
0.002974 0.000000
0.002973 0.000000
0.002971 0.000000
0.002970 0.000000
0.002968 0.000000
0.002967 0.000000
0.002965 0.000000
0.002963 0.000000
0.002960 0.000000
0.002958 0.000000
0.002955 0.000000
0.002953 0.000000
0.002950 0.000000
0.002947 0.000000
0.002944 0.000000
0.002940 0.000000
0.002937 0.000000
0.002933 0.000000
0.002930 0.000000
0.002926 0.000000
0.002922 0.000000
0.002917 0.000000
0.002913 0.000000
0.002908 0.000000
0.002904 0.000000
0.002899 0.000000
0.002894 0.000000
0.002889 0.000000
0.002883 0.000000
0.002878 0.000000
0.002872 0.000000
0.002866 0.000000
0.002860 0.000000
0.002854 0.000000
0.002848 0.000000
0.002841 0.000000
0.002835 0.000000
0.002828 0.000000
0.002821 0.000000
0.002814 0.000000
0.002806 0.000000
0.002799 0.000000
0.002791 0.000000
0.002783 0.000000
0.002775 0.000000
0.002767 0.000000
0.002759 0.000000
0.002750 0.000000
0.002741 0.000000
0.002732 0.000000
0.002723 0.000000
0.002714 0.000000
0.002705 0.000000
0.002695 0.000000
0.002685 0.000000
0.002676 0.000000
0.002665 0.000000
0.002655 0.000000
0.002645 0.000000
0.002634 0.000000
0.002623 0.000000
0.002612 0.000000
0.002601 0.000000
0.002590 0.000000
0.002578 0.000000
0.002567 0.000000
0.002555 0.000000
0.002543 0.000000
0.002531 0.000000
0.002518 0.000000
0.002506 0.000000
0.002493 0.000000
0.002480 0.000000
0.002467 0.000000
0.002454 0.000000
0.002440 0.000000
0.002427 0.000000
0.002413 0.000000
0.002399 0.000000
0.002385 0.000000
0.002370 0.000000
0.002356 0.000000
0.002341 0.000000
0.002326 0.000000
0.002311 0.000000
0.002296 0.000000
0.002280 0.000000
0.002265 0.000000
0.002249 0.000000
0.002233 0.000000
0.002217 0.000000
0.002200 0.000000
0.002184 0.000000
0.002167 0.000000
0.002150 0.000000
0.002133 0.000000
0.002116 0.000000
0.002098 0.000000
0.002081 0.000000
0.002063 0.000000
0.002045 0.000000
0.002027 0.000000
0.002008 0.000000
0.001990 0.000000
0.001971 0.000000
0.001952 0.000000
0.001933 0.000000
0.001914 0.000000
0.001894 0.000000
0.001875 0.000000
0.001855 0.000000
0.001835 0.000000
0.001815 0.000000
0.001794 0.000000
0.001774 0.000000
0.001753 0.000000
0.001732 0.000000
0.001711 0.000000
0.001690 0.000000
0.001668 0.000000
0.001647 0.000000
0.001625 0.000000
0.001603 0.000000
0.001581 0.000000
0.001558 0.000000
0.001536 0.000000
0.001513 0.000000
0.001490 0.000000
0.001467 0.000000
0.001444 0.000000
0.001421 0.000000
0.001397 0.000000
0.001373 0.000000
0.001349 0.000000
0.001325 0.000000
0.001301 0.000000
0.001276 0.000000
0.001252 0.000000
0.001227 0.000000
0.001202 0.000000
0.001177 0.000000
0.001151 0.000000
0.001126 0.000000
0.001100 0.000000
0.001074 0.000000
0.001048 0.000000
0.001022 0.000000
0.000996 0.000000
0.000969 0.000000
0.000942 0.000000
0.000915 0.000000
0.000888 0.000000
0.000861 0.000000
0.000834 0.000000
0.000806 0.000000
0.000778 0.000000
0.000750 0.000000
0.000722 0.000000
0.000694 0.000000
0.000666 0.000000
0.000637 0.000000
0.000608 0.000000
0.000579 0.000000
0.000550 0.000000
0.000521 0.000000
0.000492 0.000000
0.000462 0.000000
0.000432 0.000000
0.000403 0.000000
0.000373 0.000000
0.000342 0.000000
0.000312 0.000000
0.000282 0.000000
0.000251 0.000000
0.000220 0.000000
0.000189 0.000000
0.000158 0.000000
0.000127 0.000000
0.000095 0.000000
0.000064 0.000000
0.000032 0.000000
-0.000000 0.000000
-0.000032 0.000000
-0.000064 0.000000
-0.000097 0.000000
-0.000129 0.000000
-0.000162 0.000000
-0.000194 0.000000
-0.000227 0.000000
-0.000260 0.000000
-0.000294 0.000000
-0.000327 0.000000
-0.000360 0.000000
-0.000394 0.000000
-0.000428 0.000000
-0.000462 0.000000
-0.000496 0.000000
-0.000530 0.000000
-0.000564 0.000000
-0.000599 0.000000
-0.000633 0.000000
-0.000668 0.000000
-0.000703 0.000000
-0.000738 0.000000
-0.000773 0.000000
-0.000808 0.000000
-0.000844 0.000000
-0.000879 0.000000
-0.000915 0.000000
-0.000950 0.000000
-0.000986 0.000000
-0.001022 0.000000
-0.001058 0.000000
-0.001094 0.000000
-0.001131 0.000000
-0.001167 0.000000
-0.001204 0.000000
-0.001241 0.000000
-0.001277 0.000000
-0.001314 0.000000
-0.001351 0.000000
-0.001388 0.000000
-0.001426 0.000000
-0.001463 0.000000
-0.001500 0.000000
-0.001538 0.000000
-0.001576 0.000000
-0.001613 0.000000
-0.001651 0.000000
-0.001689 0.000000
-0.001727 0.000000
-0.001765 0.000000
-0.001804 0.000000
-0.001842 0.000000
-0.001881 0.000000
-0.001919 0.000000
-0.001958 0.000000
-0.001996 0.000000
-0.002035 0.000000
-0.002074 0.000000
-0.002113 0.000000
-0.002152 0.000000
-0.002191 0.000000
-0.002230 0.000000
-0.002270 0.000000
-0.002309 0.000000
-0.002349 0.000000
-0.002388 0.000000
-0.002428 0.000000
-0.002467 0.000000
-0.002507 0.000000
-0.002547 0.000000
-0.002587 0.000000
-0.002627 0.000000
-0.002667 0.000000
-0.002707 0.000000
-0.002747 0.000000
-0.002787 0.000000
-0.002827 0.000000
-0.002868 0.000000
-0.002908 0.000000
-0.002949 0.000000
-0.002989 0.000000
-0.003030 0.000000
-0.003070 0.000000
-0.003111 0.000000
-0.003151 0.000000
-0.003192 0.000000
-0.003233 0.000000
-0.003274 0.000000
-0.003315 0.000000
-0.003355 0.000000
-0.003396 0.000000
-0.003437 0.000000
-0.003478 0.000000
-0.003519 0.000000
-0.003560 0.000000
-0.003601 0.000000
-0.003642 0.000000
-0.003683 0.000000
-0.003725 0.000000
-0.003766 0.000000
-0.003807 0.000000
-0.003848 0.000000
-0.003889 0.000000
-0.003930 0.000000
-0.003972 0.000000
-0.004013 0.000000
-0.004054 0.000000
-0.004095 0.000000
-0.004136 0.000000
-0.004178 0.000000
-0.004219 0.000000
-0.004260 0.000000
-0.004301 0.000000
-0.004343 0.000000
-0.004384 0.000000
-0.004425 0.000000
-0.004466 0.000000
-0.004507 0.000000
-0.004549 0.000000
-0.004590 0.000000
-0.004631 0.000000
-0.004672 0.000000
-0.004713 0.000000
-0.004754 0.000000
-0.004795 0.000000
-0.004836 0.000000
-0.004877 0.000000
-0.004918 0.000000
-0.004959 0.000000
-0.005000 0.000000
-0.005041 0.000000
-0.005081 0.000000
-0.005122 0.000000
-0.005163 0.000000
-0.005203 0.000000
-0.005244 0.000000
-0.005285 0.000000
-0.005325 0.000000
-0.005365 0.000000
-0.005406 0.000000
-0.005446 0.000000
-0.005486 0.000000
-0.005527 0.000000
-0.005567 0.000000
-0.005607 0.000000
-0.005647 0.000000
-0.005687 0.000000
-0.005727 0.000000
-0.005766 0.000000
-0.005806 0.000000
-0.005846 0.000000
-0.005885 0.000000
-0.005925 0.000000
-0.005964 0.000000
-0.006003 0.000000
-0.006042 0.000000
-0.006081 0.000000
-0.006120 0.000000
-0.006159 0.000000
-0.006198 0.000000
-0.006237 0.000000
-0.006275 0.000000
-0.006314 0.000000
-0.006352 0.000000
-0.006390 0.000000
-0.006428 0.000000
-0.006466 0.000000
-0.006504 0.000000
-0.006542 0.000000
-0.006580 0.000000
-0.006617 0.000000
-0.006655 0.000000
-0.006692 0.000000
-0.006729 0.000000
-0.006766 0.000000
-0.006803 0.000000
-0.006840 0.000000
-0.006876 0.000000
-0.006913 0.000000
-0.006949 0.000000
-0.006985 0.000000
-0.007021 0.000000
-0.007057 0.000000
-0.007093 0.000000
-0.007129 0.000000
-0.007164 0.000000
-0.007199 0.000000
-0.007234 0.000000
-0.007269 0.000000
-0.007304 0.000000
-0.007339 0.000000
-0.007373 0.000000
-0.007407 0.000000
-0.007441 0.000000
-0.007475 0.000000
-0.007509 0.000000
-0.007542 0.000000
-0.007576 0.000000
-0.007609 0.000000
-0.007642 0.000000
-0.007675 0.000000
-0.007707 0.000000
-0.007740 0.000000
-0.007772 0.000000
-0.007804 0.000000
-0.007835 0.000000
-0.007867 0.000000
-0.007898 0.000000
-0.007930 0.000000
-0.007960 0.000000
-0.007991 0.000000
-0.008022 0.000000
-0.008052 0.000000
-0.008082 0.000000
-0.008112 0.000000
-0.008141 0.000000
-0.008171 0.000000
-0.008200 0.000000
-0.008229 0.000000
-0.008258 0.000000
-0.008286 0.000000
-0.008314 0.000000
-0.008342 0.000000
-0.008370 0.000000
-0.008397 0.000000
-0.008425 0.000000
-0.008452 0.000000
-0.008478 0.000000
-0.008505 0.000000
-0.008531 0.000000
-0.008557 0.000000
-0.008583 0.000000
-0.008608 0.000000
-0.008633 0.000000
-0.008658 0.000000
-0.008683 0.000000
-0.008707 0.000000
-0.008731 0.000000
-0.008755 0.000000
-0.008778 0.000000
-0.008801 0.000000
-0.008824 0.000000
-0.008847 0.000000
-0.008869 0.000000
-0.008891 0.000000
-0.008913 0.000000
-0.008935 0.000000
-0.008956 0.000000
-0.008977 0.000000
-0.008997 0.000000
-0.009017 0.000000
-0.009037 0.000000
-0.009057 0.000000
-0.009076 0.000000
-0.009095 0.000000
-0.009114 0.000000
-0.009132 0.000000
-0.009150 0.000000
-0.009168 0.000000
-0.009185 0.000000
-0.009202 0.000000
-0.009219 0.000000
-0.009236 0.000000
-0.009252 0.000000
-0.009267 0.000000
-0.009283 0.000000
-0.009298 0.000000
-0.009312 0.000000
-0.009327 0.000000
-0.009341 0.000000
-0.009354 0.000000
-0.009368 0.000000
-0.009381 0.000000
-0.009393 0.000000
-0.009406 0.000000
-0.009417 0.000000
-0.009429 0.000000
-0.009440 0.000000
-0.009451 0.000000
-0.009461 0.000000
-0.009471 0.000000
-0.009481 0.000000
-0.009490 0.000000
-0.009499 0.000000
-0.009508 0.000000
-0.009516 0.000000
-0.009524 0.000000
-0.009531 0.000000
-0.009538 0.000000
-0.009544 0.000000
-0.009551 0.000000
-0.009556 0.000000
-0.009562 0.000000
-0.009567 0.000000
-0.009572 0.000000
-0.009576 0.000000
-0.009580 0.000000
-0.009583 0.000000
-0.009586 0.000000
-0.009589 0.000000
-0.009591 0.000000
-0.009592 0.000000
-0.009594 0.000000
-0.009595 0.000000
-0.009595 0.000000
-0.009595 0.000000
-0.009595 0.000000
-0.009594 0.000000
-0.009593 0.000000
-0.009591 0.000000
-0.009589 0.000000
-0.009587 0.000000
-0.009584 0.000000
-0.009581 0.000000
-0.009577 0.000000
-0.009573 0.000000
-0.009568 0.000000
-0.009563 0.000000
-0.009557 0.000000
-0.009551 0.000000
-0.009545 0.000000
-0.009538 0.000000
-0.009530 0.000000
-0.009523 0.000000
-0.009514 0.000000
-0.009506 0.000000
-0.009496 0.000000
-0.009487 0.000000
-0.009477 0.000000
-0.009466 0.000000
-0.009455 0.000000
-0.009443 0.000000
-0.009431 0.000000
-0.009419 0.000000
-0.009406 0.000000
-0.009393 0.000000
-0.009379 0.000000
-0.009364 0.000000
-0.009349 0.000000
-0.009334 0.000000
-0.009318 0.000000
-0.009302 0.000000
-0.009285 0.000000
-0.009268 0.000000
-0.009250 0.000000
-0.009232 0.000000
-0.009213 0.000000
-0.009194 0.000000
-0.009174 0.000000
-0.009154 0.000000
-0.009133 0.000000
-0.009112 0.000000
-0.009090 0.000000
-0.009068 0.000000
-0.009045 0.000000
-0.009022 0.000000
-0.008999 0.000000
-0.008974 0.000000
-0.008950 0.000000
-0.008924 0.000000
-0.008899 0.000000
-0.008872 0.000000
-0.008845 0.000000
-0.008818 0.000000
-0.008790 0.000000
-0.008762 0.000000
-0.008733 0.000000
-0.008704 0.000000
-0.008674 0.000000
-0.008643 0.000000
-0.008612 0.000000
-0.008581 0.000000
-0.008549 0.000000
-0.008516 0.000000
-0.008483 0.000000
-0.008450 0.000000
-0.008416 0.000000
-0.008381 0.000000
-0.008346 0.000000
-0.008310 0.000000
-0.008274 0.000000
-0.008237 0.000000
-0.008200 0.000000
-0.008162 0.000000
-0.008124 0.000000
-0.008085 0.000000
-0.008045 0.000000
-0.008005 0.000000
-0.007965 0.000000
-0.007924 0.000000
-0.007882 0.000000
-0.007840 0.000000
-0.007797 0.000000
-0.007754 0.000000
-0.007710 0.000000
-0.007666 0.000000
-0.007621 0.000000
-0.007575 0.000000
-0.007529 0.000000
-0.007483 0.000000
-0.007436 0.000000
-0.007388 0.000000
-0.007340 0.000000
-0.007291 0.000000
-0.007242 0.000000
-0.007192 0.000000
-0.007141 0.000000
-0.007090 0.000000
-0.007039 0.000000
-0.006987 0.000000
-0.006934 0.000000
-0.006881 0.000000
-0.006827 0.000000
-0.006773 0.000000
-0.006718 0.000000
-0.006662 0.000000
-0.006606 0.000000
-0.006550 0.000000
-0.006493 0.000000
-0.006435 0.000000
-0.006377 0.000000
-0.006318 0.000000
-0.006259 0.000000
-0.006199 0.000000
-0.006138 0.000000
-0.006077 0.000000
-0.006015 0.000000
-0.005953 0.000000
-0.005890 0.000000
-0.005827 0.000000
-0.005763 0.000000
-0.005699 0.000000
-0.005634 0.000000
-0.005568 0.000000
-0.005502 0.000000
-0.005435 0.000000
-0.005368 0.000000
-0.005300 0.000000
-0.005232 0.000000
-0.005163 0.000000
-0.005093 0.000000
-0.005023 0.000000
-0.004952 0.000000
-0.004881 0.000000
-0.004809 0.000000
-0.004737 0.000000
-0.004664 0.000000
-0.004591 0.000000
-0.004517 0.000000
-0.004442 0.000000
-0.004367 0.000000
-0.004291 0.000000
-0.004215 0.000000
-0.004138 0.000000
-0.004060 0.000000
-0.003982 0.000000
-0.003904 0.000000
-0.003825 0.000000
-0.003745 0.000000
-0.003665 0.000000
-0.003584 0.000000
-0.003503 0.000000
-0.003421 0.000000
-0.003338 0.000000
-0.003255 0.000000
-0.003171 0.000000
-0.003087 0.000000
-0.003002 0.000000
-0.002917 0.000000
-0.002831 0.000000
-0.002745 0.000000
-0.002658 0.000000
-0.002570 0.000000
-0.002482 0.000000
-0.002394 0.000000
-0.002305 0.000000
-0.002215 0.000000
-0.002125 0.000000
-0.002034 0.000000
-0.001942 0.000000
-0.001850 0.000000
-0.001758 0.000000
-0.001665 0.000000
-0.001571 0.000000
-0.001477 0.000000
-0.001382 0.000000
-0.001287 0.000000
-0.001191 0.000000
-0.001095 0.000000
-0.000998 0.000000
-0.000901 0.000000
-0.000803 0.000000
-0.000704 0.000000
-0.000605 0.000000
-0.000506 0.000000
-0.000406 0.000000
-0.000305 0.000000
-0.000204 0.000000
-0.000102 0.000000
0.000000 0.000000
0.000103 0.000000
0.000206 0.000000
0.000310 0.000000
0.000414 0.000000
0.000519 0.000000
0.000624 0.000000
0.000730 0.000000
0.000837 0.000000
0.000944 0.000000
0.001051 0.000000
0.001159 0.000000
0.001268 0.000000
0.001377 0.000000
0.001486 0.000000
0.001597 0.000000
0.001707 0.000000
0.001818 0.000000
0.001930 0.000000
0.002042 0.000000
0.002155 0.000000
0.002268 0.000000
0.002381 0.000000
0.002495 0.000000
0.002610 0.000000
0.002725 0.000000
0.002841 0.000000
0.002957 0.000000
0.003073 0.000000
0.003191 0.000000
0.003308 0.000000
0.003426 0.000000
0.003545 0.000000
0.003664 0.000000
0.003783 0.000000
0.003903 0.000000
0.004024 0.000000
0.004145 0.000000
0.004266 0.000000
0.004388 0.000000
0.004511 0.000000
0.004633 0.000000
0.004757 0.000000
0.004881 0.000000
0.005005 0.000000
0.005130 0.000000
0.005255 0.000000
0.005380 0.000000
0.005506 0.000000
0.005633 0.000000
0.005760 0.000000
0.005887 0.000000
0.006015 0.000000
0.006144 0.000000
0.006273 0.000000
0.006402 0.000000
0.006531 0.000000
0.006662 0.000000
0.006792 0.000000
0.006923 0.000000
0.007054 0.000000
0.007186 0.000000
0.007319 0.000000
0.007451 0.000000
0.007584 0.000000
0.007718 0.000000
0.007852 0.000000
0.007986 0.000000
0.008121 0.000000
0.008256 0.000000
0.008392 0.000000
0.008528 0.000000
0.008664 0.000000
0.008801 0.000000
0.008938 0.000000
0.009076 0.000000
0.009214 0.000000
0.009352 0.000000
0.009491 0.000000
0.009630 0.000000
0.009769 0.000000
0.009909 0.000000
0.010050 0.000000
0.010190 0.000000
0.010331 0.000000
0.010473 0.000000
0.010614 0.000000
0.010757 0.000000
0.010899 0.000000
0.011042 0.000000
0.011185 0.000000
0.011329 0.000000
0.011473 0.000000
0.011617 0.000000
0.011761 0.000000
0.011906 0.000000
0.012052 0.000000
0.012197 0.000000
0.012343 0.000000
0.012489 0.000000
0.012636 0.000000
0.012783 0.000000
0.012930 0.000000
0.013078 0.000000
0.013226 0.000000
0.013374 0.000000
0.013522 0.000000
0.013671 0.000000
0.013820 0.000000
0.013970 0.000000
0.014119 0.000000
0.014269 0.000000
0.014420 0.000000
0.014570 0.000000
0.014721 0.000000
0.014872 0.000000
0.015024 0.000000
0.015175 0.000000
0.015327 0.000000
0.015480 0.000000
0.015632 0.000000
0.015785 0.000000
0.015938 0.000000
0.016091 0.000000
0.016245 0.000000
0.016399 0.000000
0.016553 0.000000
0.016707 0.000000
0.016861 0.000000
0.017016 0.000000
0.017171 0.000000
0.017326 0.000000
0.017482 0.000000
0.017637 0.000000
0.017793 0.000000
0.017949 0.000000
0.018106 0.000000
0.018262 0.000000
0.018419 0.000000
0.018576 0.000000
0.018733 0.000000
0.018890 0.000000
0.019048 0.000000
0.019206 0.000000
0.019364 0.000000
0.019522 0.000000
0.019680 0.000000
0.019838 0.000000
0.019997 0.000000
0.020156 0.000000
0.020315 0.000000
0.020474 0.000000
0.020633 0.000000
0.020792 0.000000
0.020952 0.000000
0.021112 0.000000
0.021272 0.000000
0.021432 0.000000
0.021592 0.000000
0.021752 0.000000
0.021912 0.000000
0.022073 0.000000
0.022234 0.000000
0.022394 0.000000
0.022555 0.000000
0.022716 0.000000
0.022877 0.000000
0.023038 0.000000
0.023200 0.000000
0.023361 0.000000
0.023523 0.000000
0.023684 0.000000
0.023846 0.000000
0.024007 0.000000
0.024169 0.000000
0.024331 0.000000
0.024493 0.000000
0.024655 0.000000
0.024817 0.000000
0.024979 0.000000
0.025141 0.000000
0.025304 0.000000
0.025466 0.000000
0.025628 0.000000
0.025791 0.000000
0.025953 0.000000
0.026115 0.000000
0.026278 0.000000
0.026440 0.000000
0.026603 0.000000
0.026765 0.000000
0.026928 0.000000
0.027090 0.000000
0.027253 0.000000
0.027415 0.000000
0.027578 0.000000
0.027740 0.000000
0.027903 0.000000
0.028065 0.000000
0.028228 0.000000
0.028390 0.000000
0.028553 0.000000
0.028715 0.000000
0.028877 0.000000
0.029040 0.000000
0.029202 0.000000
0.029364 0.000000
0.029526 0.000000
0.029688 0.000000
0.029850 0.000000
0.030012 0.000000
0.030174 0.000000
0.030336 0.000000
0.030498 0.000000
0.030659 0.000000
0.030821 0.000000
0.030983 0.000000
0.031144 0.000000
0.031305 0.000000
0.031467 0.000000
0.031628 0.000000
0.031789 0.000000
0.031950 0.000000
0.032110 0.000000
0.032271 0.000000
0.032432 0.000000
0.032592 0.000000
0.032752 0.000000
0.032912 0.000000
0.033072 0.000000
0.033232 0.000000
0.033392 0.000000
0.033552 0.000000
0.033711 0.000000
0.033870 0.000000
0.034029 0.000000
0.034188 0.000000
0.034347 0.000000
0.034505 0.000000
0.034664 0.000000
0.034822 0.000000
0.034980 0.000000
0.035138 0.000000
0.035296 0.000000
0.035453 0.000000
0.035610 0.000000
0.035767 0.000000
0.035924 0.000000
0.036081 0.000000
0.036237 0.000000
0.036393 0.000000
0.036549 0.000000
0.036705 0.000000
0.036860 0.000000
0.037015 0.000000
0.037170 0.000000
0.037325 0.000000
0.037479 0.000000
0.037634 0.000000
0.037788 0.000000
0.037941 0.000000
0.038095 0.000000
0.038248 0.000000
0.038401 0.000000
0.038553 0.000000
0.038706 0.000000
0.038858 0.000000
0.039009 0.000000
0.039161 0.000000
0.039312 0.000000
0.039463 0.000000
0.039613 0.000000
0.039763 0.000000
0.039913 0.000000
0.040063 0.000000
0.040212 0.000000
0.040361 0.000000
0.040510 0.000000
0.040658 0.000000
0.040806 0.000000
0.040953 0.000000
0.041101 0.000000
0.041247 0.000000
0.041394 0.000000
0.041540 0.000000
0.041686 0.000000
0.041831 0.000000
0.041976 0.000000
0.042121 0.000000
0.042265 0.000000
0.042409 0.000000
0.042553 0.000000
0.042696 0.000000
0.042839 0.000000
0.042981 0.000000
0.043123 0.000000
0.043265 0.000000
0.043406 0.000000
0.043547 0.000000
0.043687 0.000000
0.043827 0.000000
0.043966 0.000000
0.044105 0.000000
0.044244 0.000000
0.044382 0.000000
0.044520 0.000000
0.044657 0.000000
0.044794 0.000000
0.044931 0.000000
0.045067 0.000000
0.045202 0.000000
0.045337 0.000000
0.045472 0.000000
0.045606 0.000000
0.045740 0.000000
0.045873 0.000000
0.046006 0.000000
0.046138 0.000000
0.046269 0.000000
0.046401 0.000000
0.046532 0.000000
0.046662 0.000000
0.046792 0.000000
0.046921 0.000000
0.047050 0.000000
0.047178 0.000000
0.047306 0.000000
0.047433 0.000000
0.047560 0.000000
0.047686 0.000000
0.047811 0.000000
0.047936 0.000000
0.048061 0.000000
0.048185 0.000000
0.048309 0.000000
0.048432 0.000000
0.048554 0.000000
0.048676 0.000000
0.048797 0.000000
0.048918 0.000000
0.049038 0.000000
0.049158 0.000000
0.049277 0.000000
0.049395 0.000000
0.049513 0.000000
0.049631 0.000000
0.049748 0.000000
0.049864 0.000000
0.049979 0.000000
0.050094 0.000000
0.050209 0.000000
0.050323 0.000000
0.050436 0.000000
0.050548 0.000000
0.050661 0.000000
0.050772 0.000000
0.050883 0.000000
0.050993 0.000000
0.051103 0.000000
0.051212 0.000000
0.051320 0.000000
0.051428 0.000000
0.051535 0.000000
0.051641 0.000000
0.051747 0.000000
0.051852 0.000000
0.051957 0.000000
0.052061 0.000000
0.052164 0.000000
0.052266 0.000000
0.052368 0.000000
0.052470 0.000000
0.052570 0.000000
0.052670 0.000000
0.052770 0.000000
0.052868 0.000000
0.052966 0.000000
0.053064 0.000000
0.053160 0.000000
0.053256 0.000000
0.053351 0.000000
0.053446 0.000000
0.053540 0.000000
0.053633 0.000000
0.053726 0.000000
0.053818 0.000000
0.053909 0.000000
0.053999 0.000000
0.054089 0.000000
0.054178 0.000000
0.054266 0.000000
0.054354 0.000000
0.054441 0.000000
0.054527 0.000000
0.054613 0.000000
0.054697 0.000000
0.054781 0.000000
0.054865 0.000000
0.054947 0.000000
0.055029 0.000000
0.055111 0.000000
0.055191 0.000000
0.055271 0.000000
0.055350 0.000000
0.055428 0.000000
0.055505 0.000000
0.055582 0.000000
0.055658 0.000000
0.055733 0.000000
0.055808 0.000000
0.055882 0.000000
0.055955 0.000000
0.056027 0.000000
0.056098 0.000000
0.056169 0.000000
0.056239 0.000000
0.056308 0.000000
0.056377 0.000000
0.056445 0.000000
0.056511 0.000000
0.056578 0.000000
0.056643 0.000000
0.056708 0.000000
0.056771 0.000000
0.056835 0.000000
0.056897 0.000000
0.056958 0.000000
0.057019 0.000000
0.057079 0.000000
0.057138 0.000000
0.057196 0.000000
0.057254 0.000000
0.057311 0.000000
0.057367 0.000000
0.057422 0.000000
0.057476 0.000000
0.057530 0.000000
0.057583 0.000000
0.057635 0.000000
0.057686 0.000000
0.057736 0.000000
0.057786 0.000000
0.057835 0.000000
0.057883 0.000000
0.057930 0.000000
0.057976 0.000000
0.058022 0.000000
0.058067 0.000000
0.058110 0.000000
0.058154 0.000000
0.058196 0.000000
0.058237 0.000000
0.058278 0.000000
0.058318 0.000000
0.058357 0.000000
0.058395 0.000000
0.058432 0.000000
0.058469 0.000000
0.058505 0.000000
0.058540 0.000000
0.058574 0.000000
0.058607 0.000000
0.058639 0.000000
0.058671 0.000000
0.058702 0.000000
0.058732 0.000000
0.058761 0.000000
0.058789 0.000000
0.058816 0.000000
0.058843 0.000000
0.058869 0.000000
0.058894 0.000000
0.058918 0.000000
0.058941 0.000000
0.058963 0.000000
0.058985 0.000000
0.059006 0.000000
0.059025 0.000000
0.059045 0.000000
0.059063 0.000000
0.059080 0.000000
0.059097 0.000000
0.059112 0.000000
0.059127 0.000000
0.059141 0.000000
0.059154 0.000000
0.059167 0.000000
0.059178 0.000000
0.059189 0.000000
0.059198 0.000000
0.059207 0.000000
0.059215 0.000000
0.059223 0.000000
0.059229 0.000000
0.059235 0.000000
0.059239 0.000000
0.059243 0.000000
0.059246 0.000000
0.059248 0.000000
0.059250 0.000000
0.059250 0.000000
0.059250 0.000000
0.059248 0.000000
0.059246 0.000000
0.059243 0.000000
0.059240 0.000000
0.059235 0.000000
0.059229 0.000000
0.059223 0.000000
0.059216 0.000000
0.059208 0.000000
0.059199 0.000000
0.059189 0.000000
0.059179 0.000000
0.059167 0.000000
0.059155 0.000000
0.059142 0.000000
0.059128 0.000000
0.059113 0.000000
0.059098 0.000000
0.059081 0.000000
0.059064 0.000000
0.059046 0.000000
0.059027 0.000000
0.059007 0.000000
0.058987 0.000000
0.058965 0.000000
0.058943 0.000000
0.058920 0.000000
0.058896 0.000000
0.058871 0.000000
0.058845 0.000000
0.058818 0.000000
0.058791 0.000000
0.058763 0.000000
0.058734 0.000000
0.058704 0.000000
0.058673 0.000000
0.058642 0.000000
0.058609 0.000000
0.058576 0.000000
0.058542 0.000000
0.058507 0.000000
0.058472 0.000000
0.058435 0.000000
0.058398 0.000000
0.058360 0.000000
0.058321 0.000000
0.058281 0.000000
0.058241 0.000000
0.058199 0.000000
0.058157 0.000000
0.058114 0.000000
0.058070 0.000000
0.058025 0.000000
0.057980 0.000000
0.057934 0.000000
0.057886 0.000000
0.057839 0.000000
0.057790 0.000000
0.057740 0.000000
0.057690 0.000000
0.057639 0.000000
0.057587 0.000000
0.057534 0.000000
0.057481 0.000000
0.057426 0.000000
0.057371 0.000000
0.057315 0.000000
0.057258 0.000000
0.057201 0.000000
0.057143 0.000000
0.057084 0.000000
0.057024 0.000000
0.056963 0.000000
0.056902 0.000000
0.056839 0.000000
0.056776 0.000000
0.056713 0.000000
0.056648 0.000000
0.056583 0.000000
0.056517 0.000000
0.056450 0.000000
0.056382 0.000000
0.056314 0.000000
0.056245 0.000000
0.056175 0.000000
0.056104 0.000000
0.056033 0.000000
0.055960 0.000000
0.055887 0.000000
0.055814 0.000000
0.055739 0.000000
0.055664 0.000000
0.055588 0.000000
0.055511 0.000000
0.055434 0.000000
0.055356 0.000000
0.055277 0.000000
0.055197 0.000000
0.055117 0.000000
0.055036 0.000000
0.054954 0.000000
0.054871 0.000000
0.054788 0.000000
0.054704 0.000000
0.054619 0.000000
0.054534 0.000000
0.054448 0.000000
0.054361 0.000000
0.054273 0.000000
0.054185 0.000000
0.054096 0.000000
0.054006 0.000000
0.053916 0.000000
0.053825 0.000000
0.053733 0.000000
0.053640 0.000000
0.053547 0.000000
0.053453 0.000000
0.053359 0.000000
0.053263 0.000000
0.053168 0.000000
0.053071 0.000000
0.052974 0.000000
0.052876 0.000000
0.052777 0.000000
0.052678 0.000000
0.052578 0.000000
0.052477 0.000000
0.052376 0.000000
0.052274 0.000000
0.052172 0.000000
0.052068 0.000000
0.051965 0.000000
0.051860 0.000000
0.051755 0.000000
0.051649 0.000000
0.051543 0.000000
0.051436 0.000000
0.051328 0.000000
0.051220 0.000000
0.051111 0.000000
0.051001 0.000000
0.050891 0.000000
0.050780 0.000000
0.050669 0.000000
0.050557 0.000000
0.050444 0.000000
0.050331 0.000000
0.050217 0.000000
0.050103 0.000000
0.049988 0.000000
0.049872 0.000000
0.049756 0.000000
0.049640 0.000000
0.049522 0.000000
0.049404 0.000000
0.049286 0.000000
0.049167 0.000000
0.049047 0.000000
0.048927 0.000000
0.048806 0.000000
0.048685 0.000000
0.048563 0.000000
0.048441 0.000000
0.048318 0.000000
0.048194 0.000000
0.048070 0.000000
0.047946 0.000000
0.047821 0.000000
0.047695 0.000000
0.047569 0.000000
0.047442 0.000000
0.047315 0.000000
0.047187 0.000000
0.047059 0.000000
0.046930 0.000000
0.046801 0.000000
0.046671 0.000000
0.046541 0.000000
0.046410 0.000000
0.046279 0.000000
0.046147 0.000000
0.046015 0.000000
0.045882 0.000000
0.045749 0.000000
0.045616 0.000000
0.045482 0.000000
0.045347 0.000000
0.045212 0.000000
0.045076 0.000000
0.044941 0.000000
0.044804 0.000000
0.044667 0.000000
0.044530 0.000000
0.044392 0.000000
0.044254 0.000000
0.044115 0.000000
0.043976 0.000000
0.043837 0.000000
0.043697 0.000000
0.043557 0.000000
0.043416 0.000000
0.043275 0.000000
0.043133 0.000000
0.042991 0.000000
0.042849 0.000000
0.042706 0.000000
0.042563 0.000000
0.042420 0.000000
0.042276 0.000000
0.042131 0.000000
0.041987 0.000000
0.041842 0.000000
0.041696 0.000000
0.041550 0.000000
0.041404 0.000000
0.041258 0.000000
0.041111 0.000000
0.040964 0.000000
0.040816 0.000000
0.040668 0.000000
0.040520 0.000000
0.040371 0.000000
0.040222 0.000000
0.040073 0.000000
0.039924 0.000000
0.039774 0.000000
0.039624 0.000000
0.039473 0.000000
0.039322 0.000000
0.039171 0.000000
0.039020 0.000000
0.038868 0.000000
0.038716 0.000000
0.038564 0.000000
0.038411 0.000000
0.038258 0.000000
0.038105 0.000000
0.037952 0.000000
0.037798 0.000000
0.037644 0.000000
0.037490 0.000000
0.037335 0.000000
0.037181 0.000000
0.037026 0.000000
0.036871 0.000000
0.036715 0.000000
0.036559 0.000000
0.036404 0.000000
0.036247 0.000000
0.036091 0.000000
0.035934 0.000000
0.035778 0.000000
0.035621 0.000000
0.035463 0.000000
0.035306 0.000000
0.035148 0.000000
0.034990 0.000000
0.034832 0.000000
0.034674 0.000000
0.034516 0.000000
0.034357 0.000000
0.034199 0.000000
0.034040 0.000000
0.033881 0.000000
0.033721 0.000000
0.033562 0.000000
0.033402 0.000000
0.033243 0.000000
0.033083 0.000000
0.032923 0.000000
0.032763 0.000000
0.032602 0.000000
0.032442 0.000000
0.032281 0.000000
0.032121 0.000000
0.031960 0.000000
0.031799 0.000000
0.031638 0.000000
0.031477 0.000000
0.031315 0.000000
0.031154 0.000000
0.030993 0.000000
0.030831 0.000000
0.030670 0.000000
0.030508 0.000000
0.030346 0.000000
0.030184 0.000000
0.030022 0.000000
0.029860 0.000000
0.029698 0.000000
0.029536 0.000000
0.029374 0.000000
0.029212 0.000000
0.029049 0.000000
0.028887 0.000000
0.028725 0.000000
0.028562 0.000000
0.028400 0.000000
0.028238 0.000000
0.028075 0.000000
0.027913 0.000000
0.027750 0.000000
0.027588 0.000000
0.027425 0.000000
0.027262 0.000000
0.027100 0.000000
0.026937 0.000000
0.026775 0.000000
0.026612 0.000000
0.026450 0.000000
0.026287 0.000000
0.026125 0.000000
0.025962 0.000000
0.025800 0.000000
0.025638 0.000000
0.025475 0.000000
0.025313 0.000000
0.025151 0.000000
0.024988 0.000000
0.024826 0.000000
0.024664 0.000000
0.024502 0.000000
0.024340 0.000000
0.024178 0.000000
0.024016 0.000000
0.023855 0.000000
0.023693 0.000000
0.023531 0.000000
0.023370 0.000000
0.023209 0.000000
0.023047 0.000000
0.022886 0.000000
0.022725 0.000000
0.022564 0.000000
0.022403 0.000000
0.022242 0.000000
0.022082 0.000000
0.021921 0.000000
0.021761 0.000000
0.021600 0.000000
0.021440 0.000000
0.021280 0.000000
0.021120 0.000000
0.020960 0.000000
0.020801 0.000000
0.020641 0.000000
0.020482 0.000000
0.020323 0.000000
0.020164 0.000000
0.020005 0.000000
0.019846 0.000000
0.019688 0.000000
0.019530 0.000000
0.019372 0.000000
0.019214 0.000000
0.019056 0.000000
0.018898 0.000000
0.018741 0.000000
0.018584 0.000000
0.018427 0.000000
0.018270 0.000000
0.018113 0.000000
0.017957 0.000000
0.017801 0.000000
0.017645 0.000000
0.017489 0.000000
0.017334 0.000000
0.017178 0.000000
0.017023 0.000000
0.016869 0.000000
0.016714 0.000000
0.016560 0.000000
0.016406 0.000000
0.016252 0.000000
0.016098 0.000000
0.015945 0.000000
0.015792 0.000000
0.015639 0.000000
0.015486 0.000000
0.015334 0.000000
0.015182 0.000000
0.015030 0.000000
0.014879 0.000000
0.014728 0.000000
0.014577 0.000000
0.014426 0.000000
0.014276 0.000000
0.014126 0.000000
0.013976 0.000000
0.013827 0.000000
0.013677 0.000000
0.013529 0.000000
0.013380 0.000000
0.013232 0.000000
0.013084 0.000000
0.012936 0.000000
0.012789 0.000000
0.012642 0.000000
0.012495 0.000000
0.012349 0.000000
0.012203 0.000000
0.012057 0.000000
0.011912 0.000000
0.011767 0.000000
0.011622 0.000000
0.011478 0.000000
0.011334 0.000000
0.011190 0.000000
0.011047 0.000000
0.010904 0.000000
0.010762 0.000000
0.010620 0.000000
0.010478 0.000000
0.010336 0.000000
0.010195 0.000000
0.010055 0.000000
0.009914 0.000000
0.009774 0.000000
0.009635 0.000000
0.009495 0.000000
0.009357 0.000000
0.009218 0.000000
0.009080 0.000000
0.008943 0.000000
0.008805 0.000000
0.008668 0.000000
0.008532 0.000000
0.008396 0.000000
0.008260 0.000000
0.008125 0.000000
0.007990 0.000000
0.007856 0.000000
0.007722 0.000000
0.007588 0.000000
0.007455 0.000000
0.007322 0.000000
0.007190 0.000000
0.007058 0.000000
0.006927 0.000000
0.006796 0.000000
0.006665 0.000000
0.006535 0.000000
0.006405 0.000000
0.006276 0.000000
0.006147 0.000000
0.006019 0.000000
0.005891 0.000000
0.005763 0.000000
0.005636 0.000000
0.005509 0.000000
0.005383 0.000000
0.005258 0.000000
0.005132 0.000000
0.005008 0.000000
0.004883 0.000000
0.004759 0.000000
0.004636 0.000000
0.004513 0.000000
0.004391 0.000000
0.004269 0.000000
0.004147 0.000000
0.004026 0.000000
0.003906 0.000000
0.003785 0.000000
0.003666 0.000000
0.003547 0.000000
0.003428 0.000000
0.003310 0.000000
0.003192 0.000000
0.003075 0.000000
0.002959 0.000000
0.002842 0.000000
0.002727 0.000000
0.002611 0.000000
0.002497 0.000000
0.002383 0.000000
0.002269 0.000000
0.002156 0.000000
0.002043 0.000000
0.001931 0.000000
0.001819 0.000000
0.001708 0.000000
0.001597 0.000000
0.001487 0.000000
0.001378 0.000000
0.001269 0.000000
0.001160 0.000000
0.001052 0.000000
0.000944 0.000000
0.000837 0.000000
0.000731 0.000000
0.000625 0.000000
0.000519 0.000000
0.000414 0.000000
0.000310 0.000000
0.000206 0.000000
0.000103 0.000000
0.000000 0.000000
-0.000102 0.000000
-0.000204 0.000000
-0.000305 0.000000
-0.000406 0.000000
-0.000506 0.000000
-0.000606 0.000000
-0.000705 0.000000
-0.000803 0.000000
-0.000901 0.000000
-0.000999 0.000000
-0.001096 0.000000
-0.001192 0.000000
-0.001288 0.000000
-0.001383 0.000000
-0.001478 0.000000
-0.001572 0.000000
-0.001666 0.000000
-0.001759 0.000000
-0.001851 0.000000
-0.001943 0.000000
-0.002035 0.000000
-0.002126 0.000000
-0.002216 0.000000
-0.002306 0.000000
-0.002395 0.000000
-0.002484 0.000000
-0.002572 0.000000
-0.002660 0.000000
-0.002747 0.000000
-0.002833 0.000000
-0.002919 0.000000
-0.003004 0.000000
-0.003089 0.000000
-0.003173 0.000000
-0.003257 0.000000
-0.003340 0.000000
-0.003423 0.000000
-0.003505 0.000000
-0.003586 0.000000
-0.003667 0.000000
-0.003747 0.000000
-0.003827 0.000000
-0.003906 0.000000
-0.003985 0.000000
-0.004063 0.000000
-0.004141 0.000000
-0.004217 0.000000
-0.004294 0.000000
-0.004370 0.000000
-0.004445 0.000000
-0.004520 0.000000
-0.004594 0.000000
-0.004667 0.000000
-0.004740 0.000000
-0.004813 0.000000
-0.004885 0.000000
-0.004956 0.000000
-0.005027 0.000000
-0.005097 0.000000
-0.005166 0.000000
-0.005235 0.000000
-0.005304 0.000000
-0.005372 0.000000
-0.005439 0.000000
-0.005506 0.000000
-0.005572 0.000000
-0.005638 0.000000
-0.005703 0.000000
-0.005767 0.000000
-0.005831 0.000000
-0.005894 0.000000
-0.005957 0.000000
-0.006020 0.000000
-0.006081 0.000000
-0.006142 0.000000
-0.006203 0.000000
-0.006263 0.000000
-0.006322 0.000000
-0.006381 0.000000
-0.006439 0.000000
-0.006497 0.000000
-0.006554 0.000000
-0.006611 0.000000
-0.006667 0.000000
-0.006723 0.000000
-0.006778 0.000000
-0.006832 0.000000
-0.006886 0.000000
-0.006939 0.000000
-0.006992 0.000000
-0.007044 0.000000
-0.007095 0.000000
-0.007146 0.000000
-0.007197 0.000000
-0.007247 0.000000
-0.007296 0.000000
-0.007345 0.000000
-0.007393 0.000000
-0.007441 0.000000
-0.007488 0.000000
-0.007535 0.000000
-0.007581 0.000000
-0.007626 0.000000
-0.007671 0.000000
-0.007716 0.000000
-0.007760 0.000000
-0.007803 0.000000
-0.007846 0.000000
-0.007888 0.000000
-0.007929 0.000000
-0.007971 0.000000
-0.008011 0.000000
-0.008051 0.000000
-0.008091 0.000000
-0.008130 0.000000
-0.008168 0.000000
-0.008206 0.000000
-0.008243 0.000000
-0.008280 0.000000
-0.008316 0.000000
-0.008352 0.000000
-0.008387 0.000000
-0.008422 0.000000
-0.008456 0.000000
-0.008490 0.000000
-0.008523 0.000000
-0.008556 0.000000
-0.008588 0.000000
-0.008619 0.000000
-0.008650 0.000000
-0.008680 0.000000
-0.008710 0.000000
-0.008740 0.000000
-0.008769 0.000000
-0.008797 0.000000
-0.008825 0.000000
-0.008852 0.000000
-0.008879 0.000000
-0.008905 0.000000
-0.008931 0.000000
-0.008957 0.000000
-0.008981 0.000000
-0.009006 0.000000
-0.009029 0.000000
-0.009053 0.000000
-0.009075 0.000000
-0.009098 0.000000
-0.009119 0.000000
-0.009141 0.000000
-0.009161 0.000000
-0.009182 0.000000
-0.009201 0.000000
-0.009221 0.000000
-0.009239 0.000000
-0.009258 0.000000
-0.009275 0.000000
-0.009293 0.000000
-0.009309 0.000000
-0.009326 0.000000
-0.009342 0.000000
-0.009357 0.000000
-0.009372 0.000000
-0.009386 0.000000
-0.009400 0.000000
-0.009414 0.000000
-0.009427 0.000000
-0.009439 0.000000
-0.009451 0.000000
-0.009463 0.000000
-0.009474 0.000000
-0.009484 0.000000
-0.009494 0.000000
-0.009504 0.000000
-0.009513 0.000000
-0.009522 0.000000
-0.009530 0.000000
-0.009538 0.000000
-0.009546 0.000000
-0.009553 0.000000
-0.009559 0.000000
-0.009565 0.000000
-0.009571 0.000000
-0.009576 0.000000
-0.009581 0.000000
-0.009585 0.000000
-0.009589 0.000000
-0.009592 0.000000
-0.009595 0.000000
-0.009597 0.000000
-0.009599 0.000000
-0.009601 0.000000
-0.009602 0.000000
-0.009603 0.000000
-0.009603 0.000000
-0.009603 0.000000
-0.009603 0.000000
-0.009602 0.000000
-0.009601 0.000000
-0.009599 0.000000
-0.009597 0.000000
-0.009594 0.000000
-0.009591 0.000000
-0.009588 0.000000
-0.009584 0.000000
-0.009580 0.000000
-0.009575 0.000000
-0.009570 0.000000
-0.009565 0.000000
-0.009559 0.000000
-0.009553 0.000000
-0.009546 0.000000
-0.009539 0.000000
-0.009532 0.000000
-0.009524 0.000000
-0.009516 0.000000
-0.009507 0.000000
-0.009499 0.000000
-0.009489 0.000000
-0.009480 0.000000
-0.009470 0.000000
-0.009459 0.000000
-0.009448 0.000000
-0.009437 0.000000
-0.009426 0.000000
-0.009414 0.000000
-0.009402 0.000000
-0.009389 0.000000
-0.009376 0.000000
-0.009363 0.000000
-0.009349 0.000000
-0.009335 0.000000
-0.009321 0.000000
-0.009306 0.000000
-0.009291 0.000000
-0.009276 0.000000
-0.009260 0.000000
-0.009244 0.000000
-0.009228 0.000000
-0.009211 0.000000
-0.009194 0.000000
-0.009176 0.000000
-0.009159 0.000000
-0.009141 0.000000
-0.009122 0.000000
-0.009104 0.000000
-0.009085 0.000000
-0.009065 0.000000
-0.009046 0.000000
-0.009026 0.000000
-0.009005 0.000000
-0.008985 0.000000
-0.008964 0.000000
-0.008943 0.000000
-0.008921 0.000000
-0.008900 0.000000
-0.008878 0.000000
-0.008855 0.000000
-0.008833 0.000000
-0.008810 0.000000
-0.008787 0.000000
-0.008763 0.000000
-0.008739 0.000000
-0.008715 0.000000
-0.008691 0.000000
-0.008666 0.000000
-0.008641 0.000000
-0.008616 0.000000
-0.008591 0.000000
-0.008565 0.000000
-0.008539 0.000000
-0.008513 0.000000
-0.008486 0.000000
-0.008460 0.000000
-0.008433 0.000000
-0.008406 0.000000
-0.008378 0.000000
-0.008350 0.000000
-0.008322 0.000000
-0.008294 0.000000
-0.008266 0.000000
-0.008237 0.000000
-0.008208 0.000000
-0.008179 0.000000
-0.008149 0.000000
-0.008120 0.000000
-0.008090 0.000000
-0.008060 0.000000
-0.008030 0.000000
-0.007999 0.000000
-0.007968 0.000000
-0.007937 0.000000
-0.007906 0.000000
-0.007875 0.000000
-0.007843 0.000000
-0.007811 0.000000
-0.007779 0.000000
-0.007747 0.000000
-0.007715 0.000000
-0.007682 0.000000
-0.007650 0.000000
-0.007617 0.000000
-0.007583 0.000000
-0.007550 0.000000
-0.007516 0.000000
-0.007483 0.000000
-0.007449 0.000000
-0.007415 0.000000
-0.007381 0.000000
-0.007346 0.000000
-0.007311 0.000000
-0.007277 0.000000
-0.007242 0.000000
-0.007207 0.000000
-0.007171 0.000000
-0.007136 0.000000
-0.007100 0.000000
-0.007065 0.000000
-0.007029 0.000000
-0.006993 0.000000
-0.006956 0.000000
-0.006920 0.000000
-0.006884 0.000000
-0.006847 0.000000
-0.006810 0.000000
-0.006773 0.000000
-0.006736 0.000000
-0.006699 0.000000
-0.006662 0.000000
-0.006624 0.000000
-0.006587 0.000000
-0.006549 0.000000
-0.006511 0.000000
-0.006473 0.000000
-0.006435 0.000000
-0.006397 0.000000
-0.006359 0.000000
-0.006320 0.000000
-0.006282 0.000000
-0.006243 0.000000
-0.006205 0.000000
-0.006166 0.000000
-0.006127 0.000000
-0.006088 0.000000
-0.006049 0.000000
-0.006010 0.000000
-0.005970 0.000000
-0.005931 0.000000
-0.005891 0.000000
-0.005852 0.000000
-0.005812 0.000000
-0.005773 0.000000
-0.005733 0.000000
-0.005693 0.000000
-0.005653 0.000000
-0.005613 0.000000
-0.005573 0.000000
-0.005533 0.000000
-0.005492 0.000000
-0.005452 0.000000
-0.005412 0.000000
-0.005371 0.000000
-0.005331 0.000000
-0.005290 0.000000
-0.005250 0.000000
-0.005209 0.000000
-0.005168 0.000000
-0.005128 0.000000
-0.005087 0.000000
-0.005046 0.000000
-0.005005 0.000000
-0.004964 0.000000
-0.004923 0.000000
-0.004883 0.000000
-0.004842 0.000000
-0.004800 0.000000
-0.004759 0.000000
-0.004718 0.000000
-0.004677 0.000000
-0.004636 0.000000
-0.004595 0.000000
-0.004554 0.000000
-0.004513 0.000000
-0.004471 0.000000
-0.004430 0.000000
-0.004389 0.000000
-0.004348 0.000000
-0.004306 0.000000
-0.004265 0.000000
-0.004224 0.000000
-0.004183 0.000000
-0.004141 0.000000
-0.004100 0.000000
-0.004059 0.000000
-0.004017 0.000000
-0.003976 0.000000
-0.003935 0.000000
-0.003894 0.000000
-0.003852 0.000000
-0.003811 0.000000
-0.003770 0.000000
-0.003729 0.000000
-0.003688 0.000000
-0.003647 0.000000
-0.003605 0.000000
-0.003564 0.000000
-0.003523 0.000000
-0.003482 0.000000
-0.003441 0.000000
-0.003400 0.000000
-0.003359 0.000000
-0.003318 0.000000
-0.003278 0.000000
-0.003237 0.000000
-0.003196 0.000000
-0.003155 0.000000
-0.003114 0.000000
-0.003074 0.000000
-0.003033 0.000000
-0.002993 0.000000
-0.002952 0.000000
-0.002912 0.000000
-0.002871 0.000000
-0.002831 0.000000
-0.002791 0.000000
-0.002750 0.000000
-0.002710 0.000000
-0.002670 0.000000
-0.002630 0.000000
-0.002590 0.000000
-0.002550 0.000000
-0.002510 0.000000
-0.002470 0.000000
-0.002431 0.000000
-0.002391 0.000000
-0.002351 0.000000
-0.002312 0.000000
-0.002273 0.000000
-0.002233 0.000000
-0.002194 0.000000
-0.002155 0.000000
-0.002116 0.000000
-0.002077 0.000000
-0.002038 0.000000
-0.001999 0.000000
-0.001960 0.000000
-0.001921 0.000000
-0.001883 0.000000
-0.001844 0.000000
-0.001806 0.000000
-0.001768 0.000000
-0.001729 0.000000
-0.001691 0.000000
-0.001653 0.000000
-0.001615 0.000000
-0.001578 0.000000
-0.001540 0.000000
-0.001502 0.000000
-0.001465 0.000000
-0.001427 0.000000
-0.001390 0.000000
-0.001353 0.000000
-0.001316 0.000000
-0.001279 0.000000
-0.001242 0.000000
-0.001205 0.000000
-0.001169 0.000000
-0.001132 0.000000
-0.001096 0.000000
-0.001060 0.000000
-0.001023 0.000000
-0.000987 0.000000
-0.000952 0.000000
-0.000916 0.000000
-0.000880 0.000000
-0.000845 0.000000
-0.000809 0.000000
-0.000774 0.000000
-0.000739 0.000000
-0.000704 0.000000
-0.000669 0.000000
-0.000634 0.000000
-0.000600 0.000000
-0.000565 0.000000
-0.000531 0.000000
-0.000496 0.000000
-0.000462 0.000000
-0.000428 0.000000
-0.000395 0.000000
-0.000361 0.000000
-0.000327 0.000000
-0.000294 0.000000
-0.000261 0.000000
-0.000228 0.000000
-0.000195 0.000000
-0.000162 0.000000
-0.000129 0.000000
-0.000097 0.000000
-0.000064 0.000000
-0.000032 0.000000
-0.000000 0.000000
0.000032 0.000000
0.000064 0.000000
0.000095 0.000000
0.000127 0.000000
0.000158 0.000000
0.000189 0.000000
0.000220 0.000000
0.000251 0.000000
0.000282 0.000000
0.000312 0.000000
0.000343 0.000000
0.000373 0.000000
0.000403 0.000000
0.000433 0.000000
0.000463 0.000000
0.000492 0.000000
0.000522 0.000000
0.000551 0.000000
0.000580 0.000000
0.000609 0.000000
0.000638 0.000000
0.000667 0.000000
0.000695 0.000000
0.000723 0.000000
0.000751 0.000000
0.000779 0.000000
0.000807 0.000000
0.000835 0.000000
0.000862 0.000000
0.000890 0.000000
0.000917 0.000000
0.000944 0.000000
0.000970 0.000000
0.000997 0.000000
0.001023 0.000000
0.001050 0.000000
0.001076 0.000000
0.001102 0.000000
0.001127 0.000000
0.001153 0.000000
0.001178 0.000000
0.001204 0.000000
0.001229 0.000000
0.001253 0.000000
0.001278 0.000000
0.001303 0.000000
0.001327 0.000000
0.001351 0.000000
0.001375 0.000000
0.001399 0.000000
0.001423 0.000000
0.001446 0.000000
0.001469 0.000000
0.001492 0.000000
0.001515 0.000000
0.001538 0.000000
0.001561 0.000000
0.001583 0.000000
0.001605 0.000000
0.001627 0.000000
0.001649 0.000000
0.001671 0.000000
0.001692 0.000000
0.001714 0.000000
0.001735 0.000000
0.001756 0.000000
0.001776 0.000000
0.001797 0.000000
0.001817 0.000000
0.001838 0.000000
0.001858 0.000000
0.001877 0.000000
0.001897 0.000000
0.001917 0.000000
0.001936 0.000000
0.001955 0.000000
0.001974 0.000000
0.001993 0.000000
0.002011 0.000000
0.002030 0.000000
0.002048 0.000000
0.002066 0.000000
0.002084 0.000000
0.002101 0.000000
0.002119 0.000000
0.002136 0.000000
0.002153 0.000000
0.002170 0.000000
0.002187 0.000000
0.002204 0.000000
0.002220 0.000000
0.002236 0.000000
0.002252 0.000000
0.002268 0.000000
0.002284 0.000000
0.002299 0.000000
0.002314 0.000000
0.002330 0.000000
0.002344 0.000000
0.002359 0.000000
0.002374 0.000000
0.002388 0.000000
0.002402 0.000000
0.002416 0.000000
0.002430 0.000000
0.002444 0.000000
0.002457 0.000000
0.002471 0.000000
0.002484 0.000000
0.002497 0.000000
0.002510 0.000000
0.002522 0.000000
0.002535 0.000000
0.002547 0.000000
0.002559 0.000000
0.002571 0.000000
0.002582 0.000000
0.002594 0.000000
0.002605 0.000000
0.002616 0.000000
0.002627 0.000000
0.002638 0.000000
0.002649 0.000000
0.002659 0.000000
0.002670 0.000000
0.002680 0.000000
0.002690 0.000000
0.002699 0.000000
0.002709 0.000000
0.002718 0.000000
0.002728 0.000000
0.002737 0.000000
0.002746 0.000000
0.002754 0.000000
0.002763 0.000000
0.002771 0.000000
0.002780 0.000000
0.002788 0.000000
0.002795 0.000000
0.002803 0.000000
0.002811 0.000000
0.002818 0.000000
0.002825 0.000000
0.002832 0.000000
0.002839 0.000000
0.002846 0.000000
0.002852 0.000000
0.002859 0.000000
0.002865 0.000000
0.002871 0.000000
0.002877 0.000000
0.002882 0.000000
0.002888 0.000000
0.002893 0.000000
0.002899 0.000000
0.002904 0.000000
0.002909 0.000000
0.002913 0.000000
0.002918 0.000000
0.002922 0.000000
0.002926 0.000000
0.002931 0.000000
0.002935 0.000000
0.002938 0.000000
0.002942 0.000000
0.002945 0.000000
0.002949 0.000000
0.002952 0.000000
0.002955 0.000000
0.002958 0.000000
0.002960 0.000000
0.002963 0.000000
0.002965 0.000000
0.002967 0.000000
0.002970 0.000000
0.002971 0.000000
0.002973 0.000000
0.002975 0.000000
0.002976 0.000000
0.002978 0.000000
0.002979 0.000000
0.002980 0.000000
0.002981 0.000000
0.002982 0.000000
0.002982 0.000000
0.002983 0.000000
0.002983 0.000000
0.002983 0.000000
0.002983 0.000000
0.002983 0.000000
0.002983 0.000000
0.002982 0.000000
0.002982 0.000000
0.002981 0.000000
0.002980 0.000000
0.002980 0.000000
0.002978 0.000000
0.002977 0.000000
0.002976 0.000000
0.002974 0.000000
0.002973 0.000000
0.002971 0.000000
0.002969 0.000000
0.002967 0.000000
0.002965 0.000000
0.002963 0.000000
0.002960 0.000000
0.002958 0.000000
0.002955 0.000000
0.002952 0.000000
0.002950 0.000000
0.002947 0.000000
0.002943 0.000000
0.002940 0.000000
0.002937 0.000000
0.002933 0.000000
0.002930 0.000000
0.002926 0.000000
0.002922 0.000000
0.002918 0.000000
0.002914 0.000000
0.002910 0.000000
0.002905 0.000000
0.002901 0.000000
0.002896 0.000000
0.002891 0.000000
0.002887 0.000000
0.002882 0.000000
0.002877 0.000000
0.002872 0.000000
0.002866 0.000000
0.002861 0.000000
0.002855 0.000000
0.002850 0.000000
0.002844 0.000000
0.002838 0.000000
0.002833 0.000000
0.002827 0.000000
0.002820 0.000000
0.002814 0.000000
0.002808 0.000000
0.002801 0.000000
0.002795 0.000000
0.002788 0.000000
0.002782 0.000000
0.002775 0.000000
0.002768 0.000000
0.002761 0.000000
0.002754 0.000000
0.002747 0.000000
0.002739 0.000000
0.002732 0.000000
0.002725 0.000000
0.002717 0.000000
0.002709 0.000000
0.002702 0.000000
0.002694 0.000000
0.002686 0.000000
0.002678 0.000000
0.002670 0.000000
0.002662 0.000000
0.002653 0.000000
0.002645 0.000000
0.002637 0.000000
0.002628 0.000000
0.002620 0.000000
0.002611 0.000000
0.002602 0.000000
0.002593 0.000000
0.002584 0.000000
0.002575 0.000000
0.002566 0.000000
0.002557 0.000000
0.002548 0.000000
0.002539 0.000000
0.002529 0.000000
0.002520 0.000000
0.002510 0.000000
0.002501 0.000000
0.002491 0.000000
0.002482 0.000000
0.002472 0.000000
0.002462 0.000000
0.002452 0.000000
0.002442 0.000000
0.002432 0.000000
0.002422 0.000000
0.002412 0.000000
0.002402 0.000000
0.002391 0.000000
0.002381 0.000000
0.002371 0.000000
0.002360 0.000000
0.002350 0.000000
0.002339 0.000000
0.002328 0.000000
0.002318 0.000000
0.002307 0.000000
0.002296 0.000000
0.002285 0.000000
0.002275 0.000000
0.002264 0.000000
0.002253 0.000000
0.002242 0.000000
0.002230 0.000000
0.002219 0.000000
0.002208 0.000000
0.002197 0.000000
0.002186 0.000000
0.002174 0.000000
0.002163 0.000000
0.002152 0.000000
0.002140 0.000000
0.002129 0.000000
0.002117 0.000000
0.002105 0.000000
0.002094 0.000000
0.002082 0.000000
0.002071 0.000000
0.002059 0.000000
0.002047 0.000000
0.002035 0.000000
0.002023 0.000000
0.002012 0.000000
0.002000 0.000000
0.001988 0.000000
0.001976 0.000000
0.001964 0.000000
0.001952 0.000000
0.001940 0.000000
0.001928 0.000000
0.001916 0.000000
0.001903 0.000000
0.001891 0.000000
0.001879 0.000000
0.001867 0.000000
0.001855 0.000000
0.001842 0.000000
0.001830 0.000000
0.001818 0.000000
0.001806 0.000000
0.001793 0.000000
0.001781 0.000000
0.001768 0.000000
0.001756 0.000000
0.001744 0.000000
0.001731 0.000000
0.001719 0.000000
0.001706 0.000000
0.001694 0.000000
0.001681 0.000000
0.001669 0.000000
0.001656 0.000000
0.001644 0.000000
0.001631 0.000000
0.001619 0.000000
0.001606 0.000000
0.001594 0.000000
0.001581 0.000000
0.001569 0.000000
0.001556 0.000000
0.001544 0.000000
0.001531 0.000000
0.001518 0.000000
0.001506 0.000000
0.001493 0.000000
0.001481 0.000000
0.001468 0.000000
0.001455 0.000000
0.001443 0.000000
0.001430 0.000000
0.001418 0.000000
0.001405 0.000000
0.001392 0.000000
0.001380 0.000000
0.001367 0.000000
0.001355 0.000000
0.001342 0.000000
0.001329 0.000000
0.001317 0.000000
0.001304 0.000000
0.001292 0.000000
0.001279 0.000000
0.001267 0.000000
0.001254 0.000000
0.001242 0.000000
0.001229 0.000000
0.001217 0.000000
0.001204 0.000000
0.001192 0.000000
0.001179 0.000000
0.001167 0.000000
0.001154 0.000000
0.001142 0.000000
0.001130 0.000000
0.001117 0.000000
0.001105 0.000000
0.001092 0.000000
0.001080 0.000000
0.001068 0.000000
0.001055 0.000000
0.001043 0.000000
0.001031 0.000000
0.001019 0.000000
0.001006 0.000000
0.000994 0.000000
0.000982 0.000000
0.000970 0.000000
0.000958 0.000000
0.000946 0.000000
0.000934 0.000000
0.000922 0.000000
0.000909 0.000000
0.000897 0.000000
0.000885 0.000000
0.000873 0.000000
0.000862 0.000000
0.000850 0.000000
0.000838 0.000000
0.000826 0.000000
0.000814 0.000000
0.000802 0.000000
0.000790 0.000000
0.000779 0.000000
0.000767 0.000000
0.000755 0.000000
0.000744 0.000000
0.000732 0.000000
0.000720 0.000000
0.000709 0.000000
0.000697 0.000000
0.000686 0.000000
0.000674 0.000000
0.000663 0.000000
0.000652 0.000000
0.000640 0.000000
0.000629 0.000000
0.000618 0.000000
0.000606 0.000000
0.000595 0.000000
0.000584 0.000000
0.000573 0.000000
0.000562 0.000000
0.000551 0.000000
0.000540 0.000000
0.000529 0.000000
0.000518 0.000000
0.000507 0.000000
0.000496 0.000000
0.000485 0.000000
0.000474 0.000000
0.000463 0.000000
0.000453 0.000000
0.000442 0.000000
0.000431 0.000000
0.000421 0.000000
0.000410 0.000000
0.000400 0.000000
0.000389 0.000000
0.000379 0.000000
0.000368 0.000000
0.000358 0.000000
0.000348 0.000000
0.000338 0.000000
0.000327 0.000000
0.000317 0.000000
0.000307 0.000000
0.000297 0.000000
0.000287 0.000000
0.000277 0.000000
0.000267 0.000000
0.000257 0.000000
0.000247 0.000000
0.000238 0.000000
0.000228 0.000000
0.000218 0.000000
0.000208 0.000000
0.000199 0.000000
0.000189 0.000000
0.000180 0.000000
0.000170 0.000000
0.000161 0.000000
0.000152 0.000000
0.000142 0.000000
0.000133 0.000000
0.000124 0.000000
0.000115 0.000000
0.000105 0.000000
0.000096 0.000000
0.000087 0.000000
0.000078 0.000000
0.000070 0.000000
0.000061 0.000000
0.000052 0.000000
0.000043 0.000000
0.000034 0.000000
0.000026 0.000000
0.000017 0.000000
0.000009 0.000000
0.000000 0.000000
-0.000008 0.000000
-0.000017 0.000000
-0.000025 0.000000
-0.000034 0.000000
-0.000042 0.000000
-0.000050 0.000000
-0.000058 0.000000
-0.000066 0.000000
-0.000074 0.000000
-0.000082 0.000000
-0.000090 0.000000
-0.000098 0.000000
-0.000106 0.000000
-0.000114 0.000000
-0.000121 0.000000
-0.000129 0.000000
-0.000137 0.000000
-0.000144 0.000000
-0.000152 0.000000
-0.000159 0.000000
-0.000167 0.000000
-0.000174 0.000000
-0.000181 0.000000
-0.000188 0.000000
-0.000196 0.000000
-0.000203 0.000000
-0.000210 0.000000
-0.000217 0.000000
-0.000224 0.000000
-0.000231 0.000000
-0.000238 0.000000
-0.000244 0.000000
-0.000251 0.000000
-0.000258 0.000000
-0.000265 0.000000
-0.000271 0.000000
-0.000278 0.000000
-0.000284 0.000000
-0.000291 0.000000
-0.000297 0.000000
-0.000303 0.000000
-0.000310 0.000000
-0.000316 0.000000
-0.000322 0.000000
-0.000328 0.000000
-0.000334 0.000000
-0.000340 0.000000
-0.000346 0.000000
-0.000352 0.000000
-0.000358 0.000000
-0.000363 0.000000
-0.000369 0.000000
-0.000375 0.000000
-0.000380 0.000000
-0.000386 0.000000
-0.000392 0.000000
-0.000397 0.000000
-0.000402 0.000000
-0.000408 0.000000
-0.000413 0.000000
-0.000418 0.000000
-0.000423 0.000000
-0.000429 0.000000
-0.000434 0.000000
-0.000439 0.000000
-0.000444 0.000000
-0.000449 0.000000
-0.000453 0.000000
-0.000458 0.000000
-0.000463 0.000000
-0.000468 0.000000
-0.000472 0.000000
-0.000477 0.000000
-0.000482 0.000000
-0.000486 0.000000
-0.000490 0.000000
-0.000495 0.000000
-0.000499 0.000000
-0.000503 0.000000
-0.000508 0.000000
-0.000512 0.000000
-0.000516 0.000000
-0.000520 0.000000
-0.000524 0.000000
-0.000528 0.000000
-0.000532 0.000000
-0.000536 0.000000
-0.000540 0.000000
-0.000543 0.000000
-0.000547 0.000000
-0.000551 0.000000
-0.000554 0.000000
-0.000558 0.000000
-0.000562 0.000000
-0.000565 0.000000
-0.000568 0.000000
-0.000572 0.000000
-0.000575 0.000000
-0.000578 0.000000
-0.000582 0.000000
-0.000585 0.000000
-0.000588 0.000000
-0.000591 0.000000
-0.000594 0.000000
-0.000597 0.000000
-0.000600 0.000000
-0.000603 0.000000
-0.000606 0.000000
-0.000608 0.000000
-0.000611 0.000000
-0.000614 0.000000
-0.000616 0.000000
-0.000619 0.000000
-0.000622 0.000000
-0.000624 0.000000
-0.000627 0.000000
-0.000629 0.000000
-0.000631 0.000000
-0.000634 0.000000
-0.000636 0.000000
-0.000638 0.000000
-0.000640 0.000000
-0.000642 0.000000
-0.000644 0.000000
-0.000647 0.000000
-0.000649 0.000000
-0.000650 0.000000
-0.000652 0.000000
-0.000654 0.000000
-0.000656 0.000000
-0.000658 0.000000
-0.000660 0.000000
-0.000661 0.000000
-0.000663 0.000000
-0.000664 0.000000
-0.000666 0.000000
-0.000668 0.000000
-0.000669 0.000000
-0.000670 0.000000
-0.000672 0.000000
-0.000673 0.000000
-0.000674 0.000000
-0.000676 0.000000
-0.000677 0.000000
-0.000678 0.000000
-0.000679 0.000000
-0.000680 0.000000
-0.000681 0.000000
-0.000682 0.000000
-0.000683 0.000000
-0.000684 0.000000
-0.000685 0.000000
-0.000686 0.000000
-0.000687 0.000000
-0.000688 0.000000
-0.000689 0.000000
-0.000689 0.000000
-0.000690 0.000000
-0.000691 0.000000
-0.000691 0.000000
-0.000692 0.000000
-0.000692 0.000000
-0.000693 0.000000
-0.000693 0.000000
-0.000694 0.000000
-0.000694 0.000000
-0.000694 0.000000
-0.000695 0.000000
-0.000695 0.000000
-0.000695 0.000000
-0.000695 0.000000
-0.000695 0.000000
-0.000696 0.000000
-0.000696 0.000000
-0.000696 0.000000
-0.000696 0.000000
-0.000696 0.000000
-0.000696 0.000000
-0.000696 0.000000
-0.000695 0.000000
-0.000695 0.000000
-0.000695 0.000000
-0.000695 0.000000
-0.000695 0.000000
-0.000694 0.000000
-0.000694 0.000000
-0.000694 0.000000
-0.000693 0.000000
-0.000693 0.000000
-0.000693 0.000000
-0.000692 0.000000
-0.000692 0.000000
-0.000691 0.000000
-0.000691 0.000000
-0.000690 0.000000
-0.000689 0.000000
-0.000689 0.000000
-0.000688 0.000000
-0.000687 0.000000
-0.000687 0.000000
-0.000686 0.000000
-0.000685 0.000000
-0.000684 0.000000
-0.000684 0.000000
-0.000683 0.000000
-0.000682 0.000000
-0.000681 0.000000
-0.000680 0.000000
-0.000679 0.000000
-0.000678 0.000000
-0.000677 0.000000
-0.000676 0.000000
-0.000675 0.000000
-0.000674 0.000000
-0.000673 0.000000
-0.000672 0.000000
-0.000670 0.000000
-0.000669 0.000000
-0.000668 0.000000
-0.000667 0.000000
-0.000665 0.000000
-0.000664 0.000000
-0.000663 0.000000
-0.000662 0.000000
-0.000660 0.000000
-0.000659 0.000000
-0.000657 0.000000
-0.000656 0.000000
-0.000655 0.000000
-0.000653 0.000000
-0.000652 0.000000
-0.000650 0.000000
-0.000649 0.000000
-0.000647 0.000000
-0.000646 0.000000
-0.000644 0.000000
-0.000642 0.000000
-0.000641 0.000000
-0.000639 0.000000
-0.000637 0.000000
-0.000636 0.000000
-0.000634 0.000000
-0.000632 0.000000
-0.000631 0.000000
-0.000629 0.000000
-0.000627 0.000000
-0.000625 0.000000
-0.000624 0.000000
-0.000622 0.000000
-0.000620 0.000000
-0.000618 0.000000
-0.000616 0.000000
-0.000614 0.000000
-0.000612 0.000000
-0.000610 0.000000
-0.000608 0.000000
-0.000607 0.000000
-0.000605 0.000000
-0.000603 0.000000
-0.000601 0.000000
-0.000599 0.000000
-0.000597 0.000000
-0.000595 0.000000
-0.000592 0.000000
-0.000590 0.000000
-0.000588 0.000000
-0.000586 0.000000
-0.000584 0.000000
-0.000582 0.000000
-0.000580 0.000000
-0.000578 0.000000
-0.000576 0.000000
-0.000573 0.000000
-0.000571 0.000000
-0.000569 0.000000
-0.000567 0.000000
-0.000565 0.000000
-0.000562 0.000000
-0.000560 0.000000
-0.000558 0.000000
-0.000556 0.000000
-0.000553 0.000000
-0.000551 0.000000
-0.000549 0.000000
-0.000546 0.000000
-0.000544 0.000000
-0.000542 0.000000
-0.000540 0.000000
-0.000537 0.000000
-0.000535 0.000000
-0.000532 0.000000
-0.000530 0.000000
-0.000528 0.000000
-0.000525 0.000000
-0.000523 0.000000
-0.000521 0.000000
-0.000518 0.000000
-0.000516 0.000000
-0.000513 0.000000
-0.000511 0.000000
-0.000508 0.000000
-0.000506 0.000000
-0.000503 0.000000
-0.000501 0.000000
-0.000499 0.000000
-0.000496 0.000000
-0.000494 0.000000
-0.000491 0.000000
-0.000489 0.000000
-0.000486 0.000000
-0.000484 0.000000
-0.000481 0.000000
-0.000479 0.000000
-0.000476 0.000000
-0.000473 0.000000
-0.000471 0.000000
-0.000468 0.000000
-0.000466 0.000000
-0.000463 0.000000
-0.000461 0.000000
-0.000458 0.000000
-0.000456 0.000000
-0.000453 0.000000
-0.000450 0.000000
-0.000448 0.000000
-0.000445 0.000000
-0.000443 0.000000
-0.000440 0.000000
-0.000438 0.000000
-0.000435 0.000000
-0.000432 0.000000
-0.000430 0.000000
-0.000427 0.000000
-0.000424 0.000000
-0.000422 0.000000
-0.000419 0.000000
-0.000417 0.000000
-0.000414 0.000000
-0.000411 0.000000
-0.000409 0.000000
-0.000406 0.000000
-0.000403 0.000000
-0.000401 0.000000
-0.000398 0.000000
-0.000396 0.000000
-0.000393 0.000000
-0.000390 0.000000
-0.000388 0.000000
-0.000385 0.000000
-0.000382 0.000000
-0.000380 0.000000
-0.000377 0.000000
-0.000374 0.000000
-0.000372 0.000000
-0.000369 0.000000
-0.000366 0.000000
-0.000364 0.000000
-0.000361 0.000000
-0.000358 0.000000
-0.000356 0.000000
-0.000353 0.000000
-0.000350 0.000000
-0.000348 0.000000
-0.000345 0.000000
-0.000343 0.000000
-0.000340 0.000000
-0.000337 0.000000
-0.000335 0.000000
-0.000332 0.000000
-0.000329 0.000000
-0.000327 0.000000
-0.000324 0.000000
-0.000321 0.000000
-0.000319 0.000000
-0.000316 0.000000
-0.000313 0.000000
-0.000311 0.000000
-0.000308 0.000000
-0.000305 0.000000
-0.000303 0.000000
-0.000300 0.000000
-0.000297 0.000000
-0.000295 0.000000
-0.000292 0.000000
-0.000289 0.000000
-0.000287 0.000000
-0.000284 0.000000
-0.000282 0.000000
-0.000279 0.000000
-0.000276 0.000000
-0.000274 0.000000
-0.000271 0.000000
-0.000268 0.000000
-0.000266 0.000000
-0.000263 0.000000
-0.000260 0.000000
-0.000258 0.000000
-0.000255 0.000000
-0.000253 0.000000
-0.000250 0.000000
-0.000247 0.000000
-0.000245 0.000000
-0.000242 0.000000
-0.000239 0.000000
-0.000237 0.000000
-0.000234 0.000000
-0.000232 0.000000
-0.000229 0.000000
-0.000226 0.000000
-0.000224 0.000000
-0.000221 0.000000
-0.000219 0.000000
-0.000216 0.000000
-0.000213 0.000000
-0.000211 0.000000
-0.000208 0.000000
-0.000206 0.000000
-0.000203 0.000000
-0.000200 0.000000
-0.000198 0.000000
-0.000195 0.000000
-0.000193 0.000000
-0.000190 0.000000
-0.000188 0.000000
-0.000185 0.000000
-0.000182 0.000000
-0.000180 0.000000
-0.000177 0.000000
-0.000175 0.000000
-0.000172 0.000000
-0.000170 0.000000
-0.000167 0.000000
-0.000165 0.000000
-0.000162 0.000000
-0.000159 0.000000
-0.000157 0.000000
-0.000154 0.000000
-0.000152 0.000000
-0.000149 0.000000
-0.000147 0.000000
-0.000144 0.000000
-0.000142 0.000000
-0.000139 0.000000
-0.000137 0.000000
-0.000134 0.000000
-0.000132 0.000000
-0.000129 0.000000
-0.000127 0.000000
-0.000124 0.000000
-0.000122 0.000000
-0.000119 0.000000
-0.000117 0.000000
-0.000114 0.000000
-0.000112 0.000000
-0.000109 0.000000
-0.000107 0.000000
-0.000104 0.000000
-0.000102 0.000000
-0.000099 0.000000
-0.000097 0.000000
-0.000094 0.000000
-0.000092 0.000000
-0.000089 0.000000
-0.000087 0.000000
-0.000084 0.000000
-0.000082 0.000000
-0.000080 0.000000
-0.000077 0.000000
-0.000075 0.000000
-0.000072 0.000000
-0.000070 0.000000
-0.000067 0.000000
-0.000065 0.000000
-0.000062 0.000000
-0.000060 0.000000
-0.000058 0.000000
-0.000055 0.000000
-0.000053 0.000000
-0.000050 0.000000
-0.000048 0.000000
-0.000045 0.000000
-0.000043 0.000000
-0.000041 0.000000
-0.000038 0.000000
-0.000036 0.000000
-0.000033 0.000000
-0.000031 0.000000
-0.000029 0.000000
-0.000026 0.000000
-0.000024 0.000000
-0.000021 0.000000
-0.000019 0.000000
-0.000017 0.000000
-0.000014 0.000000
-0.000012 0.000000
-0.000009 0.000000
-0.000007 0.000000
-0.000005 0.000000
-0.000002 0.000000
-0.000000 0.000000
