-0.000019 0.000000
-0.000038 0.000000
-0.000057 0.000000
-0.000076 0.000000
-0.000095 0.000000
-0.000114 0.000000
-0.000133 0.000000
-0.000152 0.000000
-0.000171 0.000000
-0.000190 0.000000
-0.000208 0.000000
-0.000226 0.000000
-0.000244 0.000000
-0.000262 0.000000
-0.000280 0.000000
-0.000297 0.000000
-0.000314 0.000000
-0.000330 0.000000
-0.000346 0.000000
-0.000361 0.000000
-0.000376 0.000000
-0.000391 0.000000
-0.000405 0.000000
-0.000418 0.000000
-0.000430 0.000000
-0.000442 0.000000
-0.000454 0.000000
-0.000464 0.000000
-0.000474 0.000000
-0.000482 0.000000
-0.000490 0.000000
-0.000497 0.000000
-0.000503 0.000000
-0.000508 0.000000
-0.000512 0.000000
-0.000515 0.000000
-0.000517 0.000000
-0.000518 0.000000
-0.000517 0.000000
-0.000515 0.000000
-0.000512 0.000000
-0.000507 0.000000
-0.000501 0.000000
-0.000493 0.000000
-0.000484 0.000000
-0.000474 0.000000
-0.000462 0.000000
-0.000448 0.000000
-0.000433 0.000000
-0.000415 0.000000
-0.000396 0.000000
-0.000376 0.000000
-0.000353 0.000000
-0.000329 0.000000
-0.000302 0.000000
-0.000274 0.000000
-0.000244 0.000000
-0.000212 0.000000
-0.000177 0.000000
-0.000141 0.000000
-0.000103 0.000000
-0.000062 0.000000
-0.000019 0.000000
0.000025 0.000000
0.000073 0.000000
0.000122 0.000000
0.000173 0.000000
0.000227 0.000000
0.000283 0.000000
0.000341 0.000000
0.000401 0.000000
0.000463 0.000000
0.000528 0.000000
0.000595 0.000000
0.000664 0.000000
0.000735 0.000000
0.000808 0.000000
0.000884 0.000000
0.000961 0.000000
0.001041 0.000000
0.001122 0.000000
0.001206 0.000000
0.001291 0.000000
0.001378 0.000000
0.001467 0.000000
0.001558 0.000000
0.001650 0.000000
0.001744 0.000000
0.001840 0.000000
0.001937 0.000000
0.002035 0.000000
0.002135 0.000000
0.002236 0.000000
0.002338 0.000000
0.002441 0.000000
0.002545 0.000000
0.002649 0.000000
0.002754 0.000000
0.002860 0.000000
0.002967 0.000000
0.003073 0.000000
0.003180 0.000000
0.003287 0.000000
0.003394 0.000000
0.003500 0.000000
0.003606 0.000000
0.003712 0.000000
0.003817 0.000000
0.003921 0.000000
0.004025 0.000000
0.004127 0.000000
0.004228 0.000000
0.004327 0.000000
0.004425 0.000000
0.004522 0.000000
0.004616 0.000000
0.004708 0.000000
0.004798 0.000000
0.004886 0.000000
0.004971 0.000000
0.005054 0.000000
0.005133 0.000000
0.005210 0.000000
0.005283 0.000000
0.005354 0.000000
0.005420 0.000000
0.005483 0.000000
0.005542 0.000000
0.005598 0.000000
0.005649 0.000000
0.005696 0.000000
0.005738 0.000000
0.005776 0.000000
0.005810 0.000000
0.005839 0.000000
0.005862 0.000000
0.005881 0.000000
0.005895 0.000000
0.005904 0.000000
0.005907 0.000000
0.005905 0.000000
0.005897 0.000000
0.005884 0.000000
0.005866 0.000000
0.005841 0.000000
0.005811 0.000000
0.005775 0.000000
0.005734 0.000000
0.005686 0.000000
0.005633 0.000000
0.005574 0.000000
0.005509 0.000000
0.005438 0.000000
0.005361 0.000000
0.005279 0.000000
0.005190 0.000000
0.005096 0.000000
0.004997 0.000000
0.004891 0.000000
0.004781 0.000000
0.004664 0.000000
0.004543 0.000000
0.004416 0.000000
0.004284 0.000000
0.004147 0.000000
0.004005 0.000000
0.003859 0.000000
0.003708 0.000000
0.003552 0.000000
0.003393 0.000000
0.003229 0.000000
0.003062 0.000000
0.002891 0.000000
0.002716 0.000000
0.002539 0.000000
0.002358 0.000000
0.002175 0.000000
0.001990 0.000000
0.001802 0.000000
0.001612 0.000000
0.001421 0.000000
0.001228 0.000000
0.001035 0.000000
0.000840 0.000000
0.000645 0.000000
0.000450 0.000000
0.000255 0.000000
0.000061 0.000000
-0.000133 0.000000
-0.000326 0.000000
-0.000517 0.000000
-0.000706 0.000000
-0.000894 0.000000
-0.001078 0.000000
-0.001261 0.000000
-0.001440 0.000000
-0.001615 0.000000
-0.001787 0.000000
-0.001955 0.000000
-0.002119 0.000000
-0.002277 0.000000
-0.002431 0.000000
-0.002579 0.000000
-0.002722 0.000000
-0.002859 0.000000
-0.002989 0.000000
-0.003113 0.000000
-0.003230 0.000000
-0.003339 0.000000
-0.003442 0.000000
-0.003537 0.000000
-0.003623 0.000000
-0.003702 0.000000
-0.003772 0.000000
-0.003834 0.000000
-0.003886 0.000000
-0.003930 0.000000
-0.003965 0.000000
-0.003990 0.000000
-0.004005 0.000000
-0.004011 0.000000
-0.004007 0.000000
-0.003994 0.000000
-0.003970 0.000000
-0.003936 0.000000
-0.003892 0.000000
-0.003838 0.000000
-0.003774 0.000000
-0.003699 0.000000
-0.003615 0.000000
-0.003520 0.000000
-0.003415 0.000000
-0.003301 0.000000
-0.003176 0.000000
-0.003042 0.000000
-0.002898 0.000000
-0.002744 0.000000
-0.002582 0.000000
-0.002410 0.000000
-0.002229 0.000000
-0.002040 0.000000
-0.001842 0.000000
-0.001637 0.000000
-0.001423 0.000000
-0.001203 0.000000
-0.000975 0.000000
-0.000740 0.000000
-0.000499 0.000000
-0.000252 0.000000
0.000000 0.000000
0.000257 0.000000
0.000519 0.000000
0.000785 0.000000
0.001055 0.000000
0.001327 0.000000
0.001602 0.000000
0.001879 0.000000
0.002157 0.000000
0.002436 0.000000
0.002716 0.000000
0.002994 0.000000
0.003272 0.000000
0.003548 0.000000
0.003822 0.000000
0.004092 0.000000
0.004359 0.000000
0.004621 0.000000
0.004878 0.000000
0.005129 0.000000
0.005374 0.000000
0.005612 0.000000
0.005841 0.000000
0.006062 0.000000
0.006273 0.000000
0.006474 0.000000
0.006664 0.000000
0.006842 0.000000
0.007008 0.000000
0.007161 0.000000
0.007300 0.000000
0.007425 0.000000
0.007534 0.000000
0.007627 0.000000
0.007703 0.000000
0.007762 0.000000
0.007803 0.000000
0.007826 0.000000
0.007829 0.000000
0.007812 0.000000
0.007774 0.000000
0.007715 0.000000
0.007634 0.000000
0.007531 0.000000
0.007405 0.000000
0.007256 0.000000
0.007082 0.000000
0.006885 0.000000
0.006662 0.000000
0.006414 0.000000
0.006140 0.000000
0.005841 0.000000
0.005514 0.000000
0.005162 0.000000
0.004782 0.000000
0.004375 0.000000
0.003940 0.000000
0.003478 0.000000
0.002989 0.000000
0.002471 0.000000
0.001925 0.000000
0.001352 0.000000
0.000750 0.000000
0.000121 0.000000
-0.000536 0.000000
-0.001221 0.000000
-0.001933 0.000000
-0.002673 0.000000
-0.003440 0.000000
-0.004234 0.000000
-0.005054 0.000000
-0.005900 0.000000
-0.006772 0.000000
-0.007669 0.000000
-0.008591 0.000000
-0.009537 0.000000
-0.010507 0.000000
-0.011499 0.000000
-0.012514 0.000000
-0.013551 0.000000
-0.014609 0.000000
-0.015686 0.000000
-0.016783 0.000000
-0.017899 0.000000
-0.019031 0.000000
-0.020181 0.000000
-0.021346 0.000000
-0.022525 0.000000
-0.023718 0.000000
-0.024924 0.000000
-0.026140 0.000000
-0.027367 0.000000
-0.028603 0.000000
-0.029846 0.000000
-0.031096 0.000000
-0.032351 0.000000
-0.033609 0.000000
-0.034871 0.000000
-0.036133 0.000000
-0.037395 0.000000
-0.038655 0.000000
-0.039912 0.000000
-0.041164 0.000000
-0.042411 0.000000
-0.043649 0.000000
-0.044879 0.000000
-0.046098 0.000000
-0.047305 0.000000
-0.048498 0.000000
-0.049675 0.000000
-0.050836 0.000000
-0.051979 0.000000
-0.053102 0.000000
-0.054203 0.000000
-0.055281 0.000000
-0.056334 0.000000
-0.057361 0.000000
-0.058360 0.000000
-0.059330 0.000000
-0.060269 0.000000
-0.061176 0.000000
-0.062048 0.000000
-0.062886 0.000000
-0.063686 0.000000
-0.064448 0.000000
-0.065171 0.000000
-0.065852 0.000000
-0.066491 0.000000
-0.067086 0.000000
-0.067635 0.000000
-0.068138 0.000000
-0.068594 0.000000
-0.069000 0.000000
-0.069357 0.000000
-0.069662 0.000000
-0.069915 0.000000
-0.070114 0.000000
-0.070259 0.000000
-0.070349 0.000000
-0.070382 0.000000
-0.070358 0.000000
-0.070276 0.000000
-0.070136 0.000000
-0.069936 0.000000
-0.069676 0.000000
-0.069355 0.000000
-0.068973 0.000000
-0.068530 0.000000
-0.068024 0.000000
-0.067456 0.000000
-0.066825 0.000000
-0.066131 0.000000
-0.065374 0.000000
-0.064554 0.000000
-0.063670 0.000000
-0.062724 0.000000
-0.061714 0.000000
-0.060641 0.000000
-0.059506 0.000000
-0.058308 0.000000
-0.057048 0.000000
-0.055726 0.000000
-0.054343 0.000000
-0.052900 0.000000
-0.051397 0.000000
-0.049834 0.000000
-0.048213 0.000000
-0.046535 0.000000
-0.044800 0.000000
-0.043009 0.000000
-0.041164 0.000000
-0.039265 0.000000
-0.037314 0.000000
-0.035311 0.000000
-0.033259 0.000000
-0.031158 0.000000
-0.029011 0.000000
-0.026817 0.000000
-0.024580 0.000000
-0.022300 0.000000
-0.019980 0.000000
-0.017620 0.000000
-0.015223 0.000000
-0.012791 0.000000
-0.010325 0.000000
-0.007827 0.000000
-0.005299 0.000000
-0.002743 0.000000
-0.000162 0.000000
0.002443 0.000000
0.005070 0.000000
0.007716 0.000000
0.010379 0.000000
0.013058 0.000000
0.015749 0.000000
0.018451 0.000000
0.021162 0.000000
0.023878 0.000000
0.026598 0.000000
0.029319 0.000000
0.032040 0.000000
0.034757 0.000000
0.037468 0.000000
0.040171 0.000000
0.042863 0.000000
0.045543 0.000000
0.048207 0.000000
0.050854 0.000000
0.053480 0.000000
0.056084 0.000000
0.058663 0.000000
0.061215 0.000000
0.063738 0.000000
0.066228 0.000000
0.068685 0.000000
0.071105 0.000000
0.073487 0.000000
0.075828 0.000000
0.078126 0.000000
0.080379 0.000000
0.082585 0.000000
0.084741 0.000000
0.086846 0.000000
0.088898 0.000000
0.090895 0.000000
0.092835 0.000000
0.094716 0.000000
0.096536 0.000000
0.098294 0.000000
0.099987 0.000000
0.101615 0.000000
0.103176 0.000000
0.104668 0.000000
0.106090 0.000000
0.107441 0.000000
0.108718 0.000000
0.109922 0.000000
0.111050 0.000000
0.112103 0.000000
0.113078 0.000000
0.113974 0.000000
0.114792 0.000000
0.115530 0.000000
0.116187 0.000000
0.116763 0.000000
0.117258 0.000000
0.117670 0.000000
0.118000 0.000000
0.118247 0.000000
0.118410 0.000000
0.118490 0.000000
0.118487 0.000000
0.118401 0.000000
0.118231 0.000000
0.117978 0.000000
0.117642 0.000000
0.117224 0.000000
0.116724 0.000000
0.116141 0.000000
0.115478 0.000000
0.114735 0.000000
0.113911 0.000000
0.113009 0.000000
0.112029 0.000000
0.110971 0.000000
0.109838 0.000000
0.108629 0.000000
0.107347 0.000000
0.105992 0.000000
0.104566 0.000000
0.103070 0.000000
0.101505 0.000000
0.099874 0.000000
0.098177 0.000000
0.096416 0.000000
0.094593 0.000000
0.092710 0.000000
0.090768 0.000000
0.088769 0.000000
0.086715 0.000000
0.084609 0.000000
0.082451 0.000000
0.080244 0.000000
0.077991 0.000000
0.075693 0.000000
0.073352 0.000000
0.070971 0.000000
0.068551 0.000000
0.066096 0.000000
0.063607 0.000000
0.061086 0.000000
0.058536 0.000000
0.055959 0.000000
0.053358 0.000000
0.050735 0.000000
0.048092 0.000000
0.045431 0.000000
0.042756 0.000000
0.040068 0.000000
0.037370 0.000000
0.034664 0.000000
0.031952 0.000000
0.029238 0.000000
0.026522 0.000000
0.023809 0.000000
0.021099 0.000000
0.018396 0.000000
0.015701 0.000000
0.013017 0.000000
0.010346 0.000000
0.007691 0.000000
0.005053 0.000000
0.002435 0.000000
-0.000162 0.000000
-0.002734 0.000000
-0.005280 0.000000
-0.007799 0.000000
-0.010287 0.000000
-0.012743 0.000000
-0.015166 0.000000
-0.017552 0.000000
-0.019902 0.000000
-0.022212 0.000000
-0.024481 0.000000
-0.026707 0.000000
-0.028890 0.000000
-0.031027 0.000000
-0.033116 0.000000
-0.035158 0.000000
-0.037149 0.000000
-0.039089 0.000000
-0.040977 0.000000
-0.042811 0.000000
-0.044590 0.000000
-0.046314 0.000000
-0.047981 0.000000
-0.049591 0.000000
-0.051142 0.000000
-0.052635 0.000000
-0.054067 0.000000
-0.055439 0.000000
-0.056750 0.000000
-0.057999 0.000000
-0.059187 0.000000
-0.060312 0.000000
-0.061374 0.000000
-0.062374 0.000000
-0.063311 0.000000
-0.064185 0.000000
-0.064996 0.000000
-0.065743 0.000000
-0.066428 0.000000
-0.067050 0.000000
-0.067610 0.000000
-0.068107 0.000000
-0.068543 0.000000
-0.068917 0.000000
-0.069230 0.000000
-0.069483 0.000000
-0.069676 0.000000
-0.069810 0.000000
-0.069886 0.000000
-0.069904 0.000000
-0.069865 0.000000
-0.069770 0.000000
-0.069620 0.000000
-0.069417 0.000000
-0.069160 0.000000
-0.068851 0.000000
-0.068491 0.000000
-0.068081 0.000000
-0.067623 0.000000
-0.067118 0.000000
-0.066566 0.000000
-0.065970 0.000000
-0.065330 0.000000
-0.064648 0.000000
-0.063926 0.000000
-0.063164 0.000000
-0.062364 0.000000
-0.061527 0.000000
-0.060656 0.000000
-0.059751 0.000000
-0.058814 0.000000
-0.057847 0.000000
-0.056850 0.000000
-0.055826 0.000000
-0.054777 0.000000
-0.053703 0.000000
-0.052606 0.000000
-0.051488 0.000000
-0.050351 0.000000
-0.049195 0.000000
-0.048023 0.000000
-0.046837 0.000000
-0.045636 0.000000
-0.044424 0.000000
-0.043202 0.000000
-0.041971 0.000000
-0.040732 0.000000
-0.039488 0.000000
-0.038239 0.000000
-0.036988 0.000000
-0.035735 0.000000
-0.034482 0.000000
-0.033230 0.000000
-0.031981 0.000000
-0.030736 0.000000
-0.029496 0.000000
-0.028263 0.000000
-0.027038 0.000000
-0.025822 0.000000
-0.024617 0.000000
-0.023422 0.000000
-0.022241 0.000000
-0.021073 0.000000
-0.019919 0.000000
-0.018781 0.000000
-0.017660 0.000000
-0.016557 0.000000
-0.015472 0.000000
-0.014406 0.000000
-0.013361 0.000000
-0.012336 0.000000
-0.011333 0.000000
-0.010353 0.000000
-0.009395 0.000000
-0.008462 0.000000
-0.007552 0.000000
-0.006667 0.000000
-0.005807 0.000000
-0.004973 0.000000
-0.004165 0.000000
-0.003383 0.000000
-0.002629 0.000000
-0.001901 0.000000
-0.001200 0.000000
-0.000527 0.000000
0.000119 0.000000
0.000737 0.000000
0.001327 0.000000
0.001890 0.000000
0.002424 0.000000
0.002931 0.000000
0.003410 0.000000
0.003862 0.000000
0.004286 0.000000
0.004683 0.000000
0.005053 0.000000
0.005396 0.000000
0.005713 0.000000
0.006004 0.000000
0.006268 0.000000
0.006508 0.000000
0.006722 0.000000
0.006912 0.000000
0.007077 0.000000
0.007219 0.000000
0.007337 0.000000
0.007433 0.000000
0.007507 0.000000
0.007560 0.000000
0.007591 0.000000
0.007602 0.000000
0.007593 0.000000
0.007566 0.000000
0.007520 0.000000
0.007456 0.000000
0.007375 0.000000
0.007277 0.000000
0.007164 0.000000
0.007036 0.000000
0.006893 0.000000
0.006738 0.000000
0.006569 0.000000
0.006388 0.000000
0.006195 0.000000
0.005992 0.000000
0.005780 0.000000
0.005557 0.000000
0.005327 0.000000
0.005089 0.000000
0.004843 0.000000
0.004592 0.000000
0.004334 0.000000
0.004072 0.000000
0.003806 0.000000
0.003536 0.000000
0.003264 0.000000
0.002989 0.000000
0.002712 0.000000
0.002435 0.000000
0.002158 0.000000
0.001881 0.000000
0.001605 0.000000
0.001330 0.000000
0.001058 0.000000
0.000788 0.000000
0.000521 0.000000
0.000259 0.000000
0.000000 0.000000
-0.000254 0.000000
-0.000503 0.000000
-0.000746 0.000000
-0.000983 0.000000
-0.001213 0.000000
-0.001437 0.000000
-0.001654 0.000000
-0.001863 0.000000
-0.002064 0.000000
-0.002257 0.000000
-0.002442 0.000000
-0.002617 0.000000
-0.002784 0.000000
-0.002942 0.000000
-0.003091 0.000000
-0.003230 0.000000
-0.003359 0.000000
-0.003479 0.000000
-0.003588 0.000000
-0.003688 0.000000
-0.003778 0.000000
-0.003857 0.000000
-0.003926 0.000000
-0.003985 0.000000
-0.004034 0.000000
-0.004073 0.000000
-0.004102 0.000000
-0.004121 0.000000
-0.004129 0.000000
-0.004128 0.000000
-0.004117 0.000000
-0.004097 0.000000
-0.004067 0.000000
-0.004028 0.000000
-0.003979 0.000000
-0.003922 0.000000
-0.003856 0.000000
-0.003781 0.000000
-0.003698 0.000000
-0.003607 0.000000
-0.003508 0.000000
-0.003402 0.000000
-0.003288 0.000000
-0.003167 0.000000
-0.003039 0.000000
-0.002905 0.000000
-0.002765 0.000000
-0.002619 0.000000
-0.002467 0.000000
-0.002310 0.000000
-0.002148 0.000000
-0.001981 0.000000
-0.001810 0.000000
-0.001636 0.000000
-0.001457 0.000000
-0.001275 0.000000
-0.001091 0.000000
-0.000903 0.000000
-0.000714 0.000000
-0.000522 0.000000
-0.000329 0.000000
-0.000134 0.000000
0.000061 0.000000
0.000257 0.000000
0.000454 0.000000
0.000651 0.000000
0.000847 0.000000
0.001043 0.000000
0.001238 0.000000
0.001431 0.000000
0.001624 0.000000
0.001814 0.000000
0.002003 0.000000
0.002189 0.000000
0.002373 0.000000
0.002554 0.000000
0.002732 0.000000
0.002907 0.000000
0.003078 0.000000
0.003245 0.000000
0.003409 0.000000
0.003569 0.000000
0.003724 0.000000
0.003875 0.000000
0.004021 0.000000
0.004163 0.000000
0.004299 0.000000
0.004431 0.000000
0.004557 0.000000
0.004679 0.000000
0.004794 0.000000
0.004905 0.000000
0.005009 0.000000
0.005108 0.000000
0.005202 0.000000
0.005289 0.000000
0.005371 0.000000
0.005447 0.000000
0.005517 0.000000
0.005581 0.000000
0.005639 0.000000
0.005692 0.000000
0.005738 0.000000
0.005779 0.000000
0.005814 0.000000
0.005843 0.000000
0.005867 0.000000
0.005884 0.000000
0.005897 0.000000
0.005903 0.000000
0.005904 0.000000
0.005900 0.000000
0.005891 0.000000
0.005876 0.000000
0.005856 0.000000
0.005831 0.000000
0.005802 0.000000
0.005768 0.000000
0.005729 0.000000
0.005685 0.000000
0.005638 0.000000
0.005586 0.000000
0.005530 0.000000
0.005470 0.000000
0.005406 0.000000
0.005339 0.000000
0.005268 0.000000
0.005194 0.000000
0.005117 0.000000
0.005037 0.000000
0.004954 0.000000
0.004868 0.000000
0.004780 0.000000
0.004690 0.000000
0.004597 0.000000
0.004502 0.000000
0.004406 0.000000
0.004308 0.000000
0.004208 0.000000
0.004107 0.000000
0.004004 0.000000
0.003901 0.000000
0.003797 0.000000
0.003692 0.000000
0.003586 0.000000
0.003480 0.000000
0.003373 0.000000
0.003267 0.000000
0.003160 0.000000
0.003053 0.000000
0.002947 0.000000
0.002841 0.000000
0.002735 0.000000
0.002630 0.000000
0.002526 0.000000
0.002422 0.000000
0.002320 0.000000
0.002218 0.000000
0.002118 0.000000
0.002019 0.000000
0.001921 0.000000
0.001824 0.000000
0.001729 0.000000
0.001635 0.000000
0.001544 0.000000
0.001453 0.000000
0.001365 0.000000
0.001278 0.000000
0.001193 0.000000
0.001111 0.000000
0.001030 0.000000
0.000951 0.000000
0.000874 0.000000
0.000799 0.000000
0.000727 0.000000
0.000656 0.000000
0.000588 0.000000
0.000522 0.000000
0.000458 0.000000
0.000396 0.000000
0.000336 0.000000
0.000279 0.000000
0.000224 0.000000
0.000171 0.000000
0.000120 0.000000
0.000071 0.000000
0.000025 0.000000
-0.000019 0.000000
-0.000061 0.000000
-0.000101 0.000000
-0.000139 0.000000
-0.000175 0.000000
-0.000208 0.000000
-0.000240 0.000000
-0.000269 0.000000
-0.000297 0.000000
-0.000323 0.000000
-0.000347 0.000000
-0.000369 0.000000
-0.000389 0.000000
-0.000407 0.000000
-0.000424 0.000000
-0.000439 0.000000
-0.000452 0.000000
-0.000464 0.000000
-0.000474 0.000000
-0.000482 0.000000
-0.000489 0.000000
-0.000495 0.000000
-0.000499 0.000000
-0.000502 0.000000
-0.000504 0.000000
-0.000504 0.000000
-0.000503 0.000000
-0.000501 0.000000
-0.000498 0.000000
-0.000493 0.000000
-0.000488 0.000000
-0.000482 0.000000
-0.000474 0.000000
-0.000466 0.000000
-0.000457 0.000000
-0.000447 0.000000
-0.000436 0.000000
-0.000425 0.000000
-0.000413 0.000000
-0.000400 0.000000
-0.000387 0.000000
-0.000373 0.000000
-0.000358 0.000000
-0.000343 0.000000
-0.000327 0.000000
-0.000311 0.000000
-0.000295 0.000000
-0.000278 0.000000
-0.000261 0.000000
-0.000243 0.000000
-0.000225 0.000000
-0.000207 0.000000
-0.000189 0.000000
-0.000171 0.000000
-0.000152 0.000000
-0.000133 0.000000
-0.000114 0.000000
-0.000095 0.000000
-0.000076 0.000000
-0.000057 0.000000
-0.000038 0.000000
-0.000019 0.000000
-0.000000 0.000000
