-0.000019 0.000000
-0.000038 0.000000
-0.000057 0.000000
-0.000075 0.000000
-0.000093 0.000000
-0.000111 0.000000
-0.000127 0.000000
-0.000143 0.000000
-0.000157 0.000000
-0.000171 0.000000
-0.000182 0.000000
-0.000193 0.000000
-0.000201 0.000000
-0.000208 0.000000
-0.000213 0.000000
-0.000216 0.000000
-0.000217 0.000000
-0.000216 0.000000
-0.000213 0.000000
-0.000208 0.000000
-0.000201 0.000000
-0.000192 0.000000
-0.000181 0.000000
-0.000168 0.000000
-0.000153 0.000000
-0.000136 0.000000
-0.000118 0.000000
-0.000098 0.000000
-0.000076 0.000000
-0.000054 0.000000
-0.000030 0.000000
-0.000005 0.000000
0.000020 0.000000
0.000046 0.000000
0.000071 0.000000
0.000097 0.000000
0.000123 0.000000
0.000148 0.000000
0.000173 0.000000
0.000196 0.000000
0.000219 0.000000
0.000240 0.000000
0.000259 0.000000
0.000276 0.000000
0.000290 0.000000
0.000303 0.000000
0.000313 0.000000
0.000319 0.000000
0.000323 0.000000
0.000324 0.000000
0.000321 0.000000
0.000315 0.000000
0.000306 0.000000
0.000292 0.000000
0.000276 0.000000
0.000255 0.000000
0.000231 0.000000
0.000204 0.000000
0.000173 0.000000
0.000139 0.000000
0.000102 0.000000
0.000062 0.000000
0.000019 0.000000
-0.000025 0.000000
-0.000072 0.000000
-0.000121 0.000000
-0.000170 0.000000
-0.000221 0.000000
-0.000272 0.000000
-0.000322 0.000000
-0.000372 0.000000
-0.000421 0.000000
-0.000468 0.000000
-0.000513 0.000000
-0.000555 0.000000
-0.000593 0.000000
-0.000627 0.000000
-0.000657 0.000000
-0.000681 0.000000
-0.000700 0.000000
-0.000712 0.000000
-0.000717 0.000000
-0.000714 0.000000
-0.000704 0.000000
-0.000685 0.000000
-0.000657 0.000000
-0.000620 0.000000
-0.000573 0.000000
-0.000517 0.000000
-0.000450 0.000000
-0.000372 0.000000
-0.000284 0.000000
-0.000186 0.000000
-0.000077 0.000000
0.000042 0.000000
0.000172 0.000000
0.000312 0.000000
0.000461 0.000000
0.000620 0.000000
0.000788 0.000000
0.000964 0.000000
0.001148 0.000000
0.001340 0.000000
0.001537 0.000000
0.001741 0.000000
0.001948 0.000000
0.002160 0.000000
0.002375 0.000000
0.002591 0.000000
0.002808 0.000000
0.003024 0.000000
0.003239 0.000000
0.003451 0.000000
0.003659 0.000000
0.003861 0.000000
0.004058 0.000000
0.004247 0.000000
0.004427 0.000000
0.004597 0.000000
0.004756 0.000000
0.004902 0.000000
0.005036 0.000000
0.005156 0.000000
0.005260 0.000000
0.005348 0.000000
0.005420 0.000000
0.005474 0.000000
0.005511 0.000000
0.005529 0.000000
0.005528 0.000000
0.005507 0.000000
0.005468 0.000000
0.005409 0.000000
0.005331 0.000000
0.005234 0.000000
0.005118 0.000000
0.004984 0.000000
0.004832 0.000000
0.004662 0.000000
0.004477 0.000000
0.004276 0.000000
0.004060 0.000000
0.003832 0.000000
0.003591 0.000000
0.003339 0.000000
0.003078 0.000000
0.002809 0.000000
0.002533 0.000000
0.002252 0.000000
0.001968 0.000000
0.001682 0.000000
0.001396 0.000000
0.001112 0.000000
0.000831 0.000000
0.000555 0.000000
0.000285 0.000000
0.000024 0.000000
-0.000228 0.000000
-0.000468 0.000000
-0.000697 0.000000
-0.000911 0.000000
-0.001110 0.000000
-0.001293 0.000000
-0.001459 0.000000
-0.001607 0.000000
-0.001735 0.000000
-0.001845 0.000000
-0.001934 0.000000
-0.002003 0.000000
-0.002052 0.000000
-0.002079 0.000000
-0.002087 0.000000
-0.002074 0.000000
-0.002042 0.000000
-0.001990 0.000000
-0.001920 0.000000
-0.001832 0.000000
-0.001728 0.000000
-0.001608 0.000000
-0.001473 0.000000
-0.001326 0.000000
-0.001167 0.000000
-0.000998 0.000000
-0.000820 0.000000
-0.000636 0.000000
-0.000447 0.000000
-0.000255 0.000000
-0.000061 0.000000
0.000133 0.000000
0.000324 0.000000
0.000512 0.000000
0.000694 0.000000
0.000869 0.000000
0.001035 0.000000
0.001190 0.000000
0.001333 0.000000
0.001463 0.000000
0.001579 0.000000
0.001679 0.000000
0.001763 0.000000
0.001829 0.000000
0.001877 0.000000
0.001906 0.000000
0.001917 0.000000
0.001909 0.000000
0.001881 0.000000
0.001835 0.000000
0.001771 0.000000
0.001688 0.000000
0.001588 0.000000
0.001472 0.000000
0.001340 0.000000
0.001195 0.000000
0.001036 0.000000
0.000866 0.000000
0.000687 0.000000
0.000499 0.000000
0.000305 0.000000
0.000107 0.000000
-0.000094 0.000000
-0.000296 0.000000
-0.000497 0.000000
-0.000693 0.000000
-0.000885 0.000000
-0.001069 0.000000
-0.001245 0.000000
-0.001409 0.000000
-0.001560 0.000000
-0.001697 0.000000
-0.001817 0.000000
-0.001920 0.000000
-0.002005 0.000000
-0.002070 0.000000
-0.002113 0.000000
-0.002136 0.000000
-0.002136 0.000000
-0.002113 0.000000
-0.002068 0.000000
-0.002001 0.000000
-0.001911 0.000000
-0.001799 0.000000
-0.001667 0.000000
-0.001514 0.000000
-0.001342 0.000000
-0.001153 0.000000
-0.000947 0.000000
-0.000727 0.000000
-0.000494 0.000000
-0.000251 0.000000
0.000000 0.000000
0.000257 0.000000
0.000518 0.000000
0.000780 0.000000
0.001041 0.000000
0.001297 0.000000
0.001547 0.000000
0.001787 0.000000
0.002015 0.000000
0.002230 0.000000
0.002427 0.000000
0.002605 0.000000
0.002762 0.000000
0.002895 0.000000
0.003003 0.000000
0.003085 0.000000
0.003137 0.000000
0.003161 0.000000
0.003153 0.000000
0.003115 0.000000
0.003044 0.000000
0.002942 0.000000
0.002808 0.000000
0.002644 0.000000
0.002448 0.000000
0.002224 0.000000
0.001971 0.000000
0.001693 0.000000
0.001390 0.000000
0.001066 0.000000
0.000722 0.000000
0.000362 0.000000
-0.000012 0.000000
-0.000396 0.000000
-0.000786 0.000000
-0.001179 0.000000
-0.001572 0.000000
-0.001960 0.000000
-0.002339 0.000000
-0.002706 0.000000
-0.003057 0.000000
-0.003386 0.000000
-0.003692 0.000000
-0.003969 0.000000
-0.004214 0.000000
-0.004424 0.000000
-0.004595 0.000000
-0.004724 0.000000
-0.004810 0.000000
-0.004848 0.000000
-0.004837 0.000000
-0.004776 0.000000
-0.004664 0.000000
-0.004498 0.000000
-0.004280 0.000000
-0.004009 0.000000
-0.003686 0.000000
-0.003311 0.000000
-0.002887 0.000000
-0.002416 0.000000
-0.001901 0.000000
-0.001344 0.000000
-0.000749 0.000000
-0.000121 0.000000
0.000536 0.000000
0.001216 0.000000
0.001914 0.000000
0.002624 0.000000
0.003340 0.000000
0.004054 0.000000
0.004760 0.000000
0.005450 0.000000
0.006117 0.000000
0.006753 0.000000
0.007351 0.000000
0.007901 0.000000
0.008398 0.000000
0.008832 0.000000
0.009197 0.000000
0.009484 0.000000
0.009686 0.000000
0.009797 0.000000
0.009809 0.000000
0.009718 0.000000
0.009516 0.000000
0.009199 0.000000
0.008762 0.000000
0.008201 0.000000
0.007514 0.000000
0.006696 0.000000
0.005748 0.000000
0.004667 0.000000
0.003455 0.000000
0.002110 0.000000
0.000636 0.000000
-0.000966 0.000000
-0.002692 0.000000
-0.004538 0.000000
-0.006498 0.000000
-0.008567 0.000000
-0.010736 0.000000
-0.013000 0.000000
-0.015348 0.000000
-0.017772 0.000000
-0.020261 0.000000
-0.022805 0.000000
-0.025392 0.000000
-0.028009 0.000000
-0.030645 0.000000
-0.033286 0.000000
-0.035919 0.000000
-0.038529 0.000000
-0.041104 0.000000
-0.043629 0.000000
-0.046090 0.000000
-0.048474 0.000000
-0.050765 0.000000
-0.052950 0.000000
-0.055017 0.000000
-0.056951 0.000000
-0.058742 0.000000
-0.060376 0.000000
-0.061843 0.000000
-0.063131 0.000000
-0.064233 0.000000
-0.065138 0.000000
-0.065840 0.000000
-0.066332 0.000000
-0.066607 0.000000
-0.066662 0.000000
-0.066494 0.000000
-0.066101 0.000000
-0.065481 0.000000
-0.064636 0.000000
-0.063568 0.000000
-0.062280 0.000000
-0.060776 0.000000
-0.059062 0.000000
-0.057146 0.000000
-0.055037 0.000000
-0.052743 0.000000
-0.050275 0.000000
-0.047647 0.000000
-0.044870 0.000000
-0.041958 0.000000
-0.038927 0.000000
-0.035793 0.000000
-0.032572 0.000000
-0.029280 0.000000
-0.025937 0.000000
-0.022559 0.000000
-0.019166 0.000000
-0.015776 0.000000
-0.012407 0.000000
-0.009079 0.000000
-0.005811 0.000000
-0.002619 0.000000
0.000477 0.000000
0.003460 0.000000
0.006314 0.000000
0.009022 0.000000
0.011569 0.000000
0.013941 0.000000
0.016125 0.000000
0.018109 0.000000
0.019882 0.000000
0.021435 0.000000
0.022759 0.000000
0.023848 0.000000
0.024697 0.000000
0.025302 0.000000
0.025662 0.000000
0.025776 0.000000
0.025646 0.000000
0.025275 0.000000
0.024667 0.000000
0.023829 0.000000
0.022769 0.000000
0.021496 0.000000
0.020022 0.000000
0.018358 0.000000
0.016519 0.000000
0.014520 0.000000
0.012378 0.000000
0.010110 0.000000
0.007734 0.000000
0.005271 0.000000
0.002740 0.000000
0.000162 0.000000
-0.002440 0.000000
-0.005046 0.000000
-0.007632 0.000000
-0.010176 0.000000
-0.012657 0.000000
-0.015052 0.000000
-0.017339 0.000000
-0.019496 0.000000
-0.021504 0.000000
-0.023342 0.000000
-0.024990 0.000000
-0.026432 0.000000
-0.027649 0.000000
-0.028626 0.000000
-0.029349 0.000000
-0.029804 0.000000
-0.029981 0.000000
-0.029870 0.000000
-0.029462 0.000000
-0.028752 0.000000
-0.027736 0.000000
-0.026410 0.000000
-0.024775 0.000000
-0.022832 0.000000
-0.020584 0.000000
-0.018038 0.000000
-0.015199 0.000000
-0.012078 0.000000
-0.008685 0.000000
-0.005033 0.000000
-0.001137 0.000000
0.002986 0.000000
0.007319 0.000000
0.011843 0.000000
0.016537 0.000000
0.021379 0.000000
0.026346 0.000000
0.031413 0.000000
0.036557 0.000000
0.041751 0.000000
0.046969 0.000000
0.052185 0.000000
0.057372 0.000000
0.062504 0.000000
0.067552 0.000000
0.072492 0.000000
0.077297 0.000000
0.081942 0.000000
0.086401 0.000000
0.090651 0.000000
0.094670 0.000000
0.098435 0.000000
0.101926 0.000000
0.105124 0.000000
0.108012 0.000000
0.110574 0.000000
0.112797 0.000000
0.114667 0.000000
0.116175 0.000000
0.117312 0.000000
0.118073 0.000000
0.118453 0.000000
0.118450 0.000000
0.118064 0.000000
0.117297 0.000000
0.116153 0.000000
0.114640 0.000000
0.112764 0.000000
0.110536 0.000000
0.107969 0.000000
0.105077 0.000000
0.101875 0.000000
0.098380 0.000000
0.094612 0.000000
0.090592 0.000000
0.086340 0.000000
0.081879 0.000000
0.077234 0.000000
0.072429 0.000000
0.067490 0.000000
0.062442 0.000000
0.057313 0.000000
0.052129 0.000000
0.046916 0.000000
0.041701 0.000000
0.036511 0.000000
0.031372 0.000000
0.026310 0.000000
0.021349 0.000000
0.016513 0.000000
0.011825 0.000000
0.007308 0.000000
0.002981 0.000000
-0.001136 0.000000
-0.005024 0.000000
-0.008669 0.000000
-0.012055 0.000000
-0.015170 0.000000
-0.018003 0.000000
-0.020543 0.000000
-0.022785 0.000000
-0.024723 0.000000
-0.026353 0.000000
-0.027674 0.000000
-0.028687 0.000000
-0.029394 0.000000
-0.029799 0.000000
-0.029908 0.000000
-0.029730 0.000000
-0.029274 0.000000
-0.028551 0.000000
-0.027575 0.000000
-0.026360 0.000000
-0.024921 0.000000
-0.023275 0.000000
-0.021442 0.000000
-0.019439 0.000000
-0.017286 0.000000
-0.015005 0.000000
-0.012617 0.000000
-0.010144 0.000000
-0.007607 0.000000
-0.005029 0.000000
-0.002432 0.000000
0.000162 0.000000
0.002730 0.000000
0.005252 0.000000
0.007706 0.000000
0.010073 0.000000
0.012332 0.000000
0.014465 0.000000
0.016456 0.000000
0.018286 0.000000
0.019942 0.000000
0.021410 0.000000
0.022676 0.000000
0.023730 0.000000
0.024563 0.000000
0.025167 0.000000
0.025535 0.000000
0.025662 0.000000
0.025547 0.000000
0.025187 0.000000
0.024583 0.000000
0.023736 0.000000
0.022651 0.000000
0.021332 0.000000
0.019785 0.000000
0.018020 0.000000
0.016044 0.000000
0.013870 0.000000
0.011509 0.000000
0.008975 0.000000
0.006280 0.000000
0.003441 0.000000
0.000474 0.000000
-0.002605 0.000000
-0.005778 0.000000
-0.009028 0.000000
-0.012336 0.000000
-0.015684 0.000000
-0.019053 0.000000
-0.022425 0.000000
-0.025781 0.000000
-0.029102 0.000000
-0.032371 0.000000
-0.035570 0.000000
-0.038682 0.000000
-0.041690 0.000000
-0.044579 0.000000
-0.047335 0.000000
-0.049942 0.000000
-0.052389 0.000000
-0.054663 0.000000
-0.056754 0.000000
-0.058651 0.000000
-0.060348 0.000000
-0.061836 0.000000
-0.063110 0.000000
-0.064165 0.000000
-0.064998 0.000000
-0.065607 0.000000
-0.065992 0.000000
-0.066153 0.000000
-0.066092 0.000000
-0.065812 0.000000
-0.065319 0.000000
-0.064616 0.000000
-0.063712 0.000000
-0.062614 0.000000
-0.061329 0.000000
-0.059869 0.000000
-0.058243 0.000000
-0.056462 0.000000
-0.054538 0.000000
-0.052484 0.000000
-0.050313 0.000000
-0.048037 0.000000
-0.045670 0.000000
-0.043227 0.000000
-0.040721 0.000000
-0.038166 0.000000
-0.035575 0.000000
-0.032964 0.000000
-0.030345 0.000000
-0.027732 0.000000
-0.025137 0.000000
-0.022574 0.000000
-0.020054 0.000000
-0.017588 0.000000
-0.015187 0.000000
-0.012862 0.000000
-0.010621 0.000000
-0.008473 0.000000
-0.006426 0.000000
-0.004487 0.000000
-0.002662 0.000000
-0.000955 0.000000
0.000628 0.000000
0.002085 0.000000
0.003414 0.000000
0.004611 0.000000
0.005678 0.000000
0.006614 0.000000
0.007420 0.000000
0.008098 0.000000
0.008650 0.000000
0.009079 0.000000
0.009391 0.000000
0.009588 0.000000
0.009677 0.000000
0.009663 0.000000
0.009552 0.000000
0.009350 0.000000
0.009066 0.000000
0.008705 0.000000
0.008275 0.000000
0.007784 0.000000
0.007240 0.000000
0.006650 0.000000
0.006022 0.000000
0.005364 0.000000
0.004684 0.000000
0.003988 0.000000
0.003285 0.000000
0.002580 0.000000
0.001882 0.000000
0.001195 0.000000
0.000526 0.000000
-0.000119 0.000000
-0.000736 0.000000
-0.001319 0.000000
-0.001865 0.000000
-0.002371 0.000000
-0.002832 0.000000
-0.003246 0.000000
-0.003612 0.000000
-0.003928 0.000000
-0.004192 0.000000
-0.004404 0.000000
-0.004564 0.000000
-0.004672 0.000000
-0.004730 0.000000
-0.004738 0.000000
-0.004698 0.000000
-0.004613 0.000000
-0.004484 0.000000
-0.004315 0.000000
-0.004108 0.000000
-0.003867 0.000000
-0.003595 0.000000
-0.003295 0.000000
-0.002972 0.000000
-0.002630 0.000000
-0.002272 0.000000
-0.001902 0.000000
-0.001524 0.000000
-0.001142 0.000000
-0.000761 0.000000
-0.000382 0.000000
-0.000011 0.000000
0.000349 0.000000
0.000696 0.000000
0.001026 0.000000
0.001336 0.000000
0.001625 0.000000
0.001890 0.000000
0.002128 0.000000
0.002339 0.000000
0.002521 0.000000
0.002672 0.000000
0.002793 0.000000
0.002883 0.000000
0.002941 0.000000
0.002968 0.000000
0.002965 0.000000
0.002931 0.000000
0.002869 0.000000
0.002779 0.000000
0.002663 0.000000
0.002523 0.000000
0.002360 0.000000
0.002176 0.000000
0.001975 0.000000
0.001757 0.000000
0.001526 0.000000
0.001284 0.000000
0.001034 0.000000
0.000777 0.000000
0.000518 0.000000
0.000258 0.000000
0.000000 0.000000
-0.000254 0.000000
-0.000501 0.000000
-0.000739 0.000000
-0.000965 0.000000
-0.001179 0.000000
-0.001377 0.000000
-0.001559 0.000000
-0.001723 0.000000
-0.001867 0.000000
-0.001991 0.000000
-0.002093 0.000000
-0.002173 0.000000
-0.002231 0.000000
-0.002266 0.000000
-0.002278 0.000000
-0.002268 0.000000
-0.002235 0.000000
-0.002181 0.000000
-0.002106 0.000000
-0.002012 0.000000
-0.001899 0.000000
-0.001769 0.000000
-0.001623 0.000000
-0.001463 0.000000
-0.001290 0.000000
-0.001107 0.000000
-0.000915 0.000000
-0.000716 0.000000
-0.000512 0.000000
-0.000305 0.000000
-0.000097 0.000000
0.000109 0.000000
0.000313 0.000000
0.000512 0.000000
0.000703 0.000000
0.000886 0.000000
0.001059 0.000000
0.001220 0.000000
0.001368 0.000000
0.001501 0.000000
0.001619 0.000000
0.001719 0.000000
0.001802 0.000000
0.001867 0.000000
0.001913 0.000000
0.001940 0.000000
0.001947 0.000000
0.001935 0.000000
0.001905 0.000000
0.001855 0.000000
0.001787 0.000000
0.001702 0.000000
0.001600 0.000000
0.001482 0.000000
0.001350 0.000000
0.001204 0.000000
0.001046 0.000000
0.000878 0.000000
0.000702 0.000000
0.000517 0.000000
0.000328 0.000000
0.000134 0.000000
-0.000061 0.000000
-0.000257 0.000000
-0.000451 0.000000
-0.000642 0.000000
-0.000827 0.000000
-0.001006 0.000000
-0.001176 0.000000
-0.001336 0.000000
-0.001484 0.000000
-0.001619 0.000000
-0.001739 0.000000
-0.001844 0.000000
-0.001932 0.000000
-0.002002 0.000000
-0.002054 0.000000
-0.002086 0.000000
-0.002098 0.000000
-0.002090 0.000000
-0.002062 0.000000
-0.002012 0.000000
-0.001943 0.000000
-0.001852 0.000000
-0.001742 0.000000
-0.001613 0.000000
-0.001464 0.000000
-0.001298 0.000000
-0.001114 0.000000
-0.000914 0.000000
-0.000699 0.000000
-0.000470 0.000000
-0.000228 0.000000
0.000024 0.000000
0.000286 0.000000
0.000556 0.000000
0.000833 0.000000
0.001114 0.000000
0.001399 0.000000
0.001685 0.000000
0.001970 0.000000
0.002254 0.000000
0.002535 0.000000
0.002811 0.000000
0.003079 0.000000
0.003340 0.000000
0.003591 0.000000
0.003832 0.000000
0.004060 0.000000
0.004275 0.000000
0.004475 0.000000
0.004660 0.000000
0.004828 0.000000
0.004979 0.000000
0.005112 0.000000
0.005227 0.000000
0.005324 0.000000
0.005401 0.000000
0.005459 0.000000
0.005497 0.000000
0.005517 0.000000
0.005517 0.000000
0.005498 0.000000
0.005461 0.000000
0.005406 0.000000
0.005334 0.000000
0.005245 0.000000
0.005140 0.000000
0.005020 0.000000
0.004886 0.000000
0.004739 0.000000
0.004580 0.000000
0.004410 0.000000
0.004230 0.000000
0.004041 0.000000
0.003845 0.000000
0.003643 0.000000
0.003435 0.000000
0.003223 0.000000
0.003009 0.000000
0.002793 0.000000
0.002577 0.000000
0.002362 0.000000
0.002148 0.000000
0.001937 0.000000
0.001730 0.000000
0.001528 0.000000
0.001331 0.000000
0.001141 0.000000
0.000958 0.000000
0.000783 0.000000
0.000616 0.000000
0.000458 0.000000
0.000309 0.000000
0.000171 0.000000
0.000042 0.000000
-0.000077 0.000000
-0.000185 0.000000
-0.000282 0.000000
-0.000369 0.000000
-0.000446 0.000000
-0.000512 0.000000
-0.000568 0.000000
-0.000615 0.000000
-0.000651 0.000000
-0.000679 0.000000
-0.000697 0.000000
-0.000707 0.000000
-0.000710 0.000000
-0.000704 0.000000
-0.000692 0.000000
-0.000674 0.000000
-0.000650 0.000000
-0.000620 0.000000
-0.000586 0.000000
-0.000548 0.000000
-0.000507 0.000000
-0.000462 0.000000
-0.000416 0.000000
-0.000368 0.000000
-0.000318 0.000000
-0.000268 0.000000
-0.000218 0.000000
-0.000168 0.000000
-0.000119 0.000000
-0.000071 0.000000
-0.000025 0.000000
0.000019 0.000000
0.000061 0.000000
0.000100 0.000000
0.000137 0.000000
0.000170 0.000000
0.000200 0.000000
0.000227 0.000000
0.000251 0.000000
0.000271 0.000000
0.000287 0.000000
0.000300 0.000000
0.000309 0.000000
0.000315 0.000000
0.000318 0.000000
0.000317 0.000000
0.000313 0.000000
0.000306 0.000000
0.000296 0.000000
0.000284 0.000000
0.000269 0.000000
0.000253 0.000000
0.000234 0.000000
0.000213 0.000000
0.000192 0.000000
0.000169 0.000000
0.000145 0.000000
0.000120 0.000000
0.000095 0.000000
0.000069 0.000000
0.000044 0.000000
0.000019 0.000000
-0.000005 0.000000
-0.000029 0.000000
-0.000052 0.000000
-0.000074 0.000000
-0.000094 0.000000
-0.000113 0.000000
-0.000131 0.000000
-0.000147 0.000000
-0.000161 0.000000
-0.000173 0.000000
-0.000183 0.000000
-0.000192 0.000000
-0.000198 0.000000
-0.000202 0.000000
-0.000204 0.000000
-0.000204 0.000000
-0.000202 0.000000
-0.000199 0.000000
-0.000193 0.000000
-0.000186 0.000000
-0.000176 0.000000
-0.000166 0.000000
-0.000153 0.000000
-0.000140 0.000000
-0.000125 0.000000
-0.000109 0.000000
-0.000092 0.000000
-0.000075 0.000000
-0.000056 0.000000
-0.000038 0.000000
-0.000019 0.000000
-0.000000 0.000000
