-4.320000000000000284e+00
-4.315677838919460108e+00
-4.311355677838919931e+00
-4.307033516758379754e+00
-4.302711355677839578e+00
-4.298389194597298513e+00
-4.294067033516758336e+00
-4.289744872436218159e+00
-4.285422711355677983e+00
-4.281100550275137806e+00
-4.276778389194597629e+00
-4.272456228114057453e+00
-4.268134067033517276e+00
-4.263811905952977099e+00
-4.259489744872436923e+00
-4.255167583791895858e+00
-4.250845422711355681e+00
-4.246523261630815504e+00
-4.242201100550275328e+00
-4.237878939469735151e+00
-4.233556778389194974e+00
-4.229234617308654798e+00
-4.224912456228114621e+00
-4.220590295147574444e+00
-4.216268134067033380e+00
-4.211945972986493203e+00
-4.207623811905953026e+00
-4.203301650825412850e+00
-4.198979489744872673e+00
-4.194657328664332496e+00
-4.190335167583792320e+00
-4.186013006503252143e+00
-4.181690845422711966e+00
-4.177368684342171790e+00
-4.173046523261630725e+00
-4.168724362181090548e+00
-4.164402201100550371e+00
-4.160080040020010195e+00
-4.155757878939470018e+00
-4.151435717858929841e+00
-4.147113556778389665e+00
-4.142791395697849488e+00
-4.138469234617309311e+00
-4.134147073536768247e+00
-4.129824912456228070e+00
-4.125502751375687893e+00
-4.121180590295147717e+00
-4.116858429214607540e+00
-4.112536268134067363e+00
-4.108214107053527187e+00
-4.103891945972987010e+00
-4.099569784892446833e+00
-4.095247623811905768e+00
-4.090925462731365592e+00
-4.086603301650825415e+00
-4.082281140570285238e+00
-4.077958979489745062e+00
-4.073636818409204885e+00
-4.069314657328664708e+00
-4.064992496248124532e+00
-4.060670335167584355e+00
-4.056348174087044178e+00
-4.052026013006503113e+00
-4.047703851925962937e+00
-4.043381690845422760e+00
-4.039059529764882583e+00
-4.034737368684342407e+00
-4.030415207603802230e+00
-4.026093046523262053e+00
-4.021770885442721877e+00
-4.017448724362181700e+00
-4.013126563281641523e+00
-4.008804402201100459e+00
-4.004482241120560282e+00
-4.000160080040020105e+00
-3.995837918959479929e+00
-3.991515757878939752e+00
-3.987193596798399575e+00
-3.982871435717859399e+00
-3.978549274637318778e+00
-3.974227113556778601e+00
-3.969904952476238424e+00
-3.965582791395698248e+00
-3.961260630315157627e+00
-3.956938469234617450e+00
-3.952616308154077274e+00
-3.948294147073537097e+00
-3.943971985992996920e+00
-3.939649824912456744e+00
-3.935327663831916123e+00
-3.931005502751375946e+00
-3.926683341670835770e+00
-3.922361180590295593e+00
-3.918039019509754972e+00
-3.913716858429214795e+00
-3.909394697348674619e+00
-3.905072536268134442e+00
-3.900750375187594265e+00
-3.896428214107053645e+00
-3.892106053026513468e+00
-3.887783891945973291e+00
-3.883461730865433115e+00
-3.879139569784892494e+00
-3.874817408704352317e+00
-3.870495247623812141e+00
-3.866173086543271964e+00
-3.861850925462731787e+00
-3.857528764382191167e+00
-3.853206603301650990e+00
-3.848884442221110813e+00
-3.844562281140570636e+00
-3.840240120060030460e+00
-3.835917958979489839e+00
-3.831595797898949662e+00
-3.827273636818409486e+00
-3.822951475737869309e+00
-3.818629314657329132e+00
-3.814307153576788512e+00
-3.809984992496248335e+00
-3.805662831415708158e+00
-3.801340670335167982e+00
-3.797018509254627361e+00
-3.792696348174087184e+00
-3.788374187093547008e+00
-3.784052026013006831e+00
-3.779729864932466654e+00
-3.775407703851926478e+00
-3.771085542771385857e+00
-3.766763381690845680e+00
-3.762441220610305503e+00
-3.758119059529764883e+00
-3.753796898449224706e+00
-3.749474737368684529e+00
-3.745152576288144353e+00
-3.740830415207604176e+00
-3.736508254127063999e+00
-3.732186093046523379e+00
-3.727863931965983202e+00
-3.723541770885443025e+00
-3.719219609804902849e+00
-3.714897448724362228e+00
-3.710575287643822051e+00
-3.706253126563281874e+00
-3.701930965482741698e+00
-3.697608804402201521e+00
-3.693286643321661344e+00
-3.688964482241120724e+00
-3.684642321160580547e+00
-3.680320160080040370e+00
-3.675997998999499750e+00
-3.671675837918959573e+00
-3.667353676838419396e+00
-3.663031515757879220e+00
-3.658709354677339043e+00
-3.654387193596798866e+00
-3.650065032516258245e+00
-3.645742871435718069e+00
-3.641420710355177892e+00
-3.637098549274637715e+00
-3.632776388194097095e+00
-3.628454227113556918e+00
-3.624132066033016741e+00
-3.619809904952476565e+00
-3.615487743871936388e+00
-3.611165582791396211e+00
-3.606843421710855591e+00
-3.602521260630315414e+00
-3.598199099549775237e+00
-3.593876938469234616e+00
-3.589554777388694440e+00
-3.585232616308154263e+00
-3.580910455227614086e+00
-3.576588294147073910e+00
-3.572266133066533733e+00
-3.567943971985993112e+00
-3.563621810905452936e+00
-3.559299649824912759e+00
-3.554977488744372582e+00
-3.550655327663831962e+00
-3.546333166583291785e+00
-3.542011005502751608e+00
-3.537688844422211432e+00
-3.533366683341671255e+00
-3.529044522261131078e+00
-3.524722361180590458e+00
-3.520400200100050281e+00
-3.516078039019510104e+00
-3.511755877938969483e+00
-3.507433716858429307e+00
-3.503111555777889130e+00
-3.498789394697348953e+00
-3.494467233616808777e+00
-3.490145072536268600e+00
-3.485822911455727979e+00
-3.481500750375187803e+00
-3.477178589294647626e+00
-3.472856428214107449e+00
-3.468534267133566829e+00
-3.464212106053026652e+00
-3.459889944972486475e+00
-3.455567783891946299e+00
-3.451245622811406122e+00
-3.446923461730865945e+00
-3.442601300650325324e+00
-3.438279139569785148e+00
-3.433956978489244971e+00
-3.429634817408704350e+00
-3.425312656328164174e+00
-3.420990495247623997e+00
-3.416668334167083820e+00
-3.412346173086543644e+00
-3.408024012006003467e+00
-3.403701850925462846e+00
-3.399379689844922670e+00
-3.395057528764382493e+00
-3.390735367683842316e+00
-3.386413206603301695e+00
-3.382091045522761519e+00
-3.377768884442221342e+00
-3.373446723361681165e+00
-3.369124562281140989e+00
-3.364802401200600812e+00
-3.360480240120060191e+00
-3.356158079039520015e+00
-3.351835917958979838e+00
-3.347513756878439217e+00
-3.343191595797899041e+00
-3.338869434717358864e+00
-3.334547273636818687e+00
-3.330225112556278511e+00
-3.325902951475738334e+00
-3.321580790395197713e+00
-3.317258629314657536e+00
-3.312936468234117360e+00
-3.308614307153576739e+00
-3.304292146073036562e+00
-3.299969984992496386e+00
-3.295647823911956209e+00
-3.291325662831416032e+00
-3.287003501750875856e+00
-3.282681340670335679e+00
-3.278359179589795058e+00
-3.274037018509254882e+00
-3.269714857428714261e+00
-3.265392696348174084e+00
-3.261070535267633907e+00
-3.256748374187093731e+00
-3.252426213106553554e+00
-3.248104052026013377e+00
-3.243781890945473201e+00
-3.239459729864933024e+00
-3.235137568784392403e+00
-3.230815407703852227e+00
-3.226493246623311606e+00
-3.222171085542771429e+00
-3.217848924462231253e+00
-3.213526763381691076e+00
-3.209204602301150899e+00
-3.204882441220610723e+00
-3.200560280140070546e+00
-3.196238119059529925e+00
-3.191915957978989749e+00
-3.187593796898449128e+00
-3.183271635817908951e+00
-3.178949474737368774e+00
-3.174627313656828598e+00
-3.170305152576288421e+00
-3.165982991495748244e+00
-3.161660830415208068e+00
-3.157338669334667891e+00
-3.153016508254127270e+00
-3.148694347173587094e+00
-3.144372186093046473e+00
-3.140050025012506296e+00
-3.135727863931966120e+00
-3.131405702851425943e+00
-3.127083541770885766e+00
-3.122761380690345590e+00
-3.118439219609805413e+00
-3.114117058529264792e+00
-3.109794897448724615e+00
-3.105472736368183995e+00
-3.101150575287643818e+00
-3.096828414207103641e+00
-3.092506253126563465e+00
-3.088184092046023288e+00
-3.083861930965483111e+00
-3.079539769884942935e+00
-3.075217608804402314e+00
-3.070895447723862137e+00
-3.066573286643321961e+00
-3.062251125562781340e+00
-3.057928964482241163e+00
-3.053606803401700986e+00
-3.049284642321160810e+00
-3.044962481240620633e+00
-3.040640320160080456e+00
-3.036318159079540280e+00
-3.031995997998999659e+00
-3.027673836918459482e+00
-3.023351675837918862e+00
-3.019029514757378685e+00
-3.014707353676838508e+00
-3.010385192596298332e+00
-3.006063031515758155e+00
-3.001740870435217978e+00
-2.997418709354677802e+00
-2.993096548274137181e+00
-2.988774387193597004e+00
-2.984452226113056827e+00
-2.980130065032516207e+00
-2.975807903951976030e+00
-2.971485742871435853e+00
-2.967163581790895677e+00
-2.962841420710355500e+00
-2.958519259629815323e+00
-2.954197098549275147e+00
-2.949874937468734526e+00
-2.945552776388194349e+00
-2.941230615307653729e+00
-2.936908454227113552e+00
-2.932586293146573375e+00
-2.928264132066033198e+00
-2.923941970985493022e+00
-2.919619809904952845e+00
-2.915297648824412668e+00
-2.910975487743872048e+00
-2.906653326663331871e+00
-2.902331165582791694e+00
-2.898009004502251074e+00
-2.893686843421710897e+00
-2.889364682341170720e+00
-2.885042521260630544e+00
-2.880720360180090367e+00
-2.876398199099550190e+00
-2.872076038019010014e+00
-2.867753876938469393e+00
-2.863431715857929216e+00
-2.859109554777388595e+00
-2.854787393696848419e+00
-2.850465232616308242e+00
-2.846143071535768065e+00
-2.841820910455227889e+00
-2.837498749374687712e+00
-2.833176588294147535e+00
-2.828854427213606915e+00
-2.824532266133066738e+00
-2.820210105052526561e+00
-2.815887943971985941e+00
-2.811565782891445764e+00
-2.807243621810905587e+00
-2.802921460730365411e+00
-2.798599299649825234e+00
-2.794277138569285057e+00
-2.789954977488744881e+00
-2.785632816408204260e+00
-2.781310655327664083e+00
-2.776988494247123462e+00
-2.772666333166583286e+00
-2.768344172086043109e+00
-2.764022011005502932e+00
-2.759699849924962756e+00
-2.755377688844422579e+00
-2.751055527763882402e+00
-2.746733366683341782e+00
-2.742411205602801605e+00
-2.738089044522261428e+00
-2.733766883441720807e+00
-2.729444722361180631e+00
-2.725122561280640454e+00
-2.720800400200100277e+00
-2.716478239119560101e+00
-2.712156078039019924e+00
-2.707833916958479747e+00
-2.703511755877939127e+00
-2.699189594797398950e+00
-2.694867433716858329e+00
-2.690545272636318153e+00
-2.686223111555777976e+00
-2.681900950475237799e+00
-2.677578789394697623e+00
-2.673256628314157446e+00
-2.668934467233617269e+00
-2.664612306153076648e+00
-2.660290145072536472e+00
-2.655967983991996295e+00
-2.651645822911455674e+00
-2.647323661830915498e+00
-2.643001500750375321e+00
-2.638679339669835144e+00
-2.634357178589294968e+00
-2.630035017508754791e+00
-2.625712856428214614e+00
-2.621390695347673994e+00
-2.617068534267133817e+00
-2.612746373186593196e+00
-2.608424212106053020e+00
-2.604102051025512843e+00
-2.599779889944972666e+00
-2.595457728864432490e+00
-2.591135567783892313e+00
-2.586813406703352136e+00
-2.582491245622811515e+00
-2.578169084542271339e+00
-2.573846923461731162e+00
-2.569524762381190541e+00
-2.565202601300650365e+00
-2.560880440220110188e+00
-2.556558279139570011e+00
-2.552236118059029835e+00
-2.547913956978489658e+00
-2.543591795897949481e+00
-2.539269634817408861e+00
-2.534947473736868684e+00
-2.530625312656328063e+00
-2.526303151575787886e+00
-2.521980990495247710e+00
-2.517658829414707533e+00
-2.513336668334167356e+00
-2.509014507253627180e+00
-2.504692346173087003e+00
-2.500370185092546382e+00
-2.496048024012006206e+00
-2.491725862931466029e+00
-2.487403701850925408e+00
-2.483081540770385232e+00
-2.478759379689845055e+00
-2.474437218609304878e+00
-2.470115057528764702e+00
-2.465792896448224525e+00
-2.461470735367684348e+00
-2.457148574287143727e+00
-2.452826413206603551e+00
-2.448504252126062930e+00
-2.444182091045522753e+00
-2.439859929964982577e+00
-2.435537768884442400e+00
-2.431215607803902223e+00
-2.426893446723362047e+00
-2.422571285642821870e+00
-2.418249124562281249e+00
-2.413926963481741073e+00
-2.409604802401200896e+00
-2.405282641320660275e+00
-2.400960480240120098e+00
-2.396638319159579922e+00
-2.392316158079039745e+00
-2.387993996998499568e+00
-2.383671835917959392e+00
-2.379349674837419215e+00
-2.375027513756878594e+00
-2.370705352676338418e+00
-2.366383191595797797e+00
-2.362061030515257620e+00
-2.357738869434717444e+00
-2.353416708354177267e+00
-2.349094547273637090e+00
-2.344772386193096914e+00
-2.340450225112556737e+00
-2.336128064032016116e+00
-2.331805902951475939e+00
-2.327483741870935763e+00
-2.323161580790395142e+00
-2.318839419709854965e+00
-2.314517258629314789e+00
-2.310195097548774612e+00
-2.305872936468234435e+00
-2.301550775387693815e+00
-2.297228614307153638e+00
-2.292906453226613461e+00
-2.288584292146073285e+00
-2.284262131065533108e+00
-2.279939969984992487e+00
-2.275617808904452311e+00
-2.271295647823912134e+00
-2.266973486743371957e+00
-2.262651325662831781e+00
-2.258329164582291160e+00
-2.254007003501750983e+00
-2.249684842421210806e+00
-2.245362681340670630e+00
-2.241040520260130453e+00
-2.236718359179589832e+00
-2.232396198099049656e+00
-2.228074037018509479e+00
-2.223751875937969302e+00
-2.219429714857428682e+00
-2.215107553776888505e+00
-2.210785392696348328e+00
-2.206463231615808152e+00
-2.202141070535267975e+00
-2.197818909454727354e+00
-2.193496748374187177e+00
-2.189174587293647001e+00
-2.184852426213106824e+00
-2.180530265132566647e+00
-2.176208104052026027e+00
-2.171885942971485850e+00
-2.167563781890945673e+00
-2.163241620810405497e+00
-2.158919459729865320e+00
-2.154597298649324699e+00
-2.150275137568784523e+00
-2.145952976488244346e+00
-2.141630815407704169e+00
-2.137308654327163548e+00
-2.132986493246623372e+00
-2.128664332166083195e+00
-2.124342171085543018e+00
-2.120020010005002842e+00
-2.115697848924462221e+00
-2.111375687843922044e+00
-2.107053526763381868e+00
-2.102731365682841691e+00
-2.098409204602301514e+00
-2.094087043521760894e+00
-2.089764882441220717e+00
-2.085442721360680540e+00
-2.081120560280140364e+00
-2.076798399199600187e+00
-2.072476238119059566e+00
-2.068154077038519389e+00
-2.063831915957979213e+00
-2.059509754877439036e+00
-2.055187593796898415e+00
-2.050865432716358239e+00
-2.046543271635818062e+00
-2.042221110555277885e+00
-2.037898949474737709e+00
-2.033576788394197088e+00
-2.029254627313656911e+00
-2.024932466233116735e+00
-2.020610305152576558e+00
-2.016288144072036381e+00
-2.011965982991495761e+00
-2.007643821910955584e+00
-2.003321660830415407e+00
-1.998999499749875230e+00
-1.994677338669335054e+00
-1.990355177588794433e+00
-1.986033016508254256e+00
-1.981710855427714080e+00
-1.977388694347173903e+00
-1.973066533266633282e+00
-1.968744372186093106e+00
-1.964422211105552929e+00
-1.960100050025012752e+00
-1.955777888944472576e+00
-1.951455727863931955e+00
-1.947133566783391778e+00
-1.942811405702851602e+00
-1.938489244622311425e+00
-1.934167083541771248e+00
-1.929844922461230627e+00
-1.925522761380690451e+00
-1.921200600300150274e+00
-1.916878439219610097e+00
-1.912556278139069921e+00
-1.908234117058529300e+00
-1.903911955977989123e+00
-1.899589794897448947e+00
-1.895267633816908770e+00
-1.890945472736368149e+00
-1.886623311655827973e+00
-1.882301150575287796e+00
-1.877978989494747619e+00
-1.873656828414207443e+00
-1.869334667333666822e+00
-1.865012506253126645e+00
-1.860690345172586468e+00
-1.856368184092046292e+00
-1.852046023011506115e+00
-1.847723861930965494e+00
-1.843401700850425318e+00
-1.839079539769885141e+00
-1.834757378689344964e+00
-1.830435217608804344e+00
-1.826113056528264167e+00
-1.821790895447723990e+00
-1.817468734367183814e+00
-1.813146573286643637e+00
-1.808824412206103016e+00
-1.804502251125562839e+00
-1.800180090045022663e+00
-1.795857928964482486e+00
-1.791535767883942309e+00
-1.787213606803401689e+00
-1.782891445722861512e+00
-1.778569284642321335e+00
-1.774247123561781159e+00
-1.769924962481240982e+00
-1.765602801400700361e+00
-1.761280640320160185e+00
-1.756958479239620008e+00
-1.752636318159079831e+00
-1.748314157078539210e+00
-1.743991995997999034e+00
-1.739669834917458857e+00
-1.735347673836918680e+00
-1.731025512756378504e+00
-1.726703351675837883e+00
-1.722381190595297706e+00
-1.718059029514757530e+00
-1.713736868434217353e+00
-1.709414707353677176e+00
-1.705092546273136556e+00
-1.700770385192596379e+00
-1.696448224112056202e+00
-1.692126063031516026e+00
-1.687803901950975849e+00
-1.683481740870435228e+00
-1.679159579789895052e+00
-1.674837418709354875e+00
-1.670515257628814698e+00
-1.666193096548274077e+00
-1.661870935467733901e+00
-1.657548774387193724e+00
-1.653226613306653547e+00
-1.648904452226113371e+00
-1.644582291145572750e+00
-1.640260130065032573e+00
-1.635937968984492397e+00
-1.631615807903952220e+00
-1.627293646823412043e+00
-1.622971485742871423e+00
-1.618649324662331246e+00
-1.614327163581791069e+00
-1.610005002501250893e+00
-1.605682841420710716e+00
-1.601360680340170095e+00
-1.597038519259629918e+00
-1.592716358179089742e+00
-1.588394197098549565e+00
-1.584072036018008944e+00
-1.579749874937468768e+00
-1.575427713856928591e+00
-1.571105552776388414e+00
-1.566783391695848238e+00
-1.562461230615307617e+00
-1.558139069534767440e+00
-1.553816908454227264e+00
-1.549494747373687087e+00
-1.545172586293146910e+00
-1.540850425212606289e+00
-1.536528264132066113e+00
-1.532206103051525936e+00
-1.527883941970985759e+00
-1.523561780890445583e+00
-1.519239619809904962e+00
-1.514917458729364785e+00
-1.510595297648824609e+00
-1.506273136568284432e+00
-1.501950975487743811e+00
-1.497628814407203635e+00
-1.493306653326663458e+00
-1.488984492246123281e+00
-1.484662331165583105e+00
-1.480340170085042484e+00
-1.476018009004502307e+00
-1.471695847923962130e+00
-1.467373686843421954e+00
-1.463051525762881777e+00
-1.458729364682341156e+00
-1.454407203601800980e+00
-1.450085042521260803e+00
-1.445762881440720626e+00
-1.441440720360180450e+00
-1.437118559279639829e+00
-1.432796398199099652e+00
-1.428474237118559476e+00
-1.424152076038019299e+00
-1.419829914957478678e+00
-1.415507753876938501e+00
-1.411185592796398325e+00
-1.406863431715858148e+00
-1.402541270635317971e+00
-1.398219109554777351e+00
-1.393896948474237174e+00
-1.389574787393696997e+00
-1.385252626313156821e+00
-1.380930465232616644e+00
-1.376608304152076023e+00
-1.372286143071535847e+00
-1.367963981990995670e+00
-1.363641820910455493e+00
-1.359319659829915317e+00
-1.354997498749374696e+00
-1.350675337668834519e+00
-1.346353176588294343e+00
-1.342031015507754166e+00
-1.337708854427213545e+00
-1.333386693346673368e+00
-1.329064532266133192e+00
-1.324742371185593015e+00
-1.320420210105052838e+00
-1.316098049024512218e+00
-1.311775887943972041e+00
-1.307453726863431864e+00
-1.303131565782891688e+00
-1.298809404702351511e+00
-1.294487243621810890e+00
-1.290165082541270714e+00
-1.285842921460730537e+00
-1.281520760380190360e+00
-1.277198599299650184e+00
-1.272876438219109563e+00
-1.268554277138569386e+00
-1.264232116058029209e+00
-1.259909954977489033e+00
-1.255587793896948412e+00
-1.251265632816408235e+00
-1.246943471735868059e+00
-1.242621310655327882e+00
-1.238299149574787705e+00
-1.233976988494247085e+00
-1.229654827413706908e+00
-1.225332666333166731e+00
-1.221010505252626555e+00
-1.216688344172086378e+00
-1.212366183091545757e+00
-1.208044022011005580e+00
-1.203721860930465404e+00
-1.199399699849925227e+00
-1.195077538769384606e+00
-1.190755377688844430e+00
-1.186433216608304253e+00
-1.182111055527764076e+00
-1.177788894447223900e+00
-1.173466733366683279e+00
-1.169144572286143102e+00
-1.164822411205602926e+00
-1.160500250125062749e+00
-1.156178089044522572e+00
-1.151855927963981951e+00
-1.147533766883441775e+00
-1.143211605802901598e+00
-1.138889444722361421e+00
-1.134567283641821245e+00
-1.130245122561280624e+00
-1.125922961480740447e+00
-1.121600800400200271e+00
-1.117278639319660094e+00
-1.112956478239119473e+00
-1.108634317158579297e+00
-1.104312156078039120e+00
-1.099989994997498943e+00
-1.095667833916958767e+00
-1.091345672836418146e+00
-1.087023511755877969e+00
-1.082701350675337792e+00
-1.078379189594797616e+00
-1.074057028514257439e+00
-1.069734867433716818e+00
-1.065412706353176642e+00
-1.061090545272636465e+00
-1.056768384192096288e+00
-1.052446223111556112e+00
-1.048124062031015491e+00
-1.043801900950475314e+00
-1.039479739869935138e+00
-1.035157578789394961e+00
-1.030835417708854340e+00
-1.026513256628314164e+00
-1.022191095547773987e+00
-1.017868934467233810e+00
-1.013546773386693634e+00
-1.009224612306153013e+00
-1.004902451225612836e+00
-1.000580290145072659e+00
-9.962581290645324827e-01
-9.919359679839923061e-01
-9.876138069034516853e-01
-9.832916458229115086e-01
-9.789694847423713320e-01
-9.746473236618311553e-01
-9.703251625812909786e-01
-9.660030015007503579e-01
-9.616808404202101812e-01
-9.573586793396700045e-01
-9.530365182591298279e-01
-9.487143571785892071e-01
-9.443921960980490304e-01
-9.400700350175088538e-01
-9.357478739369686771e-01
-9.314257128564285004e-01
-9.271035517758878797e-01
-9.227813906953477030e-01
-9.184592296148075263e-01
-9.141370685342673497e-01
-9.098149074537271730e-01
-9.054927463731865522e-01
-9.011705852926463756e-01
-8.968484242121061989e-01
-8.925262631315660222e-01
-8.882041020510258456e-01
-8.838819409704852248e-01
-8.795597798899450481e-01
-8.752376188094048715e-01
-8.709154577288646948e-01
-8.665932966483240740e-01
-8.622711355677838974e-01
-8.579489744872437207e-01
-8.536268134067035440e-01
-8.493046523261633673e-01
-8.449824912456227466e-01
-8.406603301650825699e-01
-8.363381690845423933e-01
-8.320160080040022166e-01
-8.276938469234620399e-01
-8.233716858429214192e-01
-8.190495247623812425e-01
-8.147273636818410658e-01
-8.104052026013008891e-01
-8.060830415207607125e-01
-8.017608804402200917e-01
-7.974387193596799150e-01
-7.931165582791397384e-01
-7.887943971985995617e-01
-7.844722361180589409e-01
-7.801500750375187643e-01
-7.758279139569785876e-01
-7.715057528764384109e-01
-7.671835917958982343e-01
-7.628614307153576135e-01
-7.585392696348174368e-01
-7.542171085542772602e-01
-7.498949474737370835e-01
-7.455727863931969068e-01
-7.412506253126562861e-01
-7.369284642321161094e-01
-7.326063031515759327e-01
-7.282841420710357561e-01
-7.239619809904951353e-01
-7.196398199099549586e-01
-7.153176588294147820e-01
-7.109954977488746053e-01
-7.066733366683344286e-01
-7.023511755877938079e-01
-6.980290145072536312e-01
-6.937068534267134545e-01
-6.893846923461732779e-01
-6.850625312656331012e-01
-6.807403701850924804e-01
-6.764182091045523038e-01
-6.720960480240121271e-01
-6.677738869434719504e-01
-6.634517258629317737e-01
-6.591295647823911530e-01
-6.548074037018509763e-01
-6.504852426213107996e-01
-6.461630815407706230e-01
-6.418409204602300022e-01
-6.375187593796898256e-01
-6.331965982991496489e-01
-6.288744372186094722e-01
-6.245522761380692955e-01
-6.202301150575286748e-01
-6.159079539769884981e-01
-6.115857928964483214e-01
-6.072636318159081448e-01
-6.029414707353679681e-01
-5.986193096548273473e-01
-5.942971485742871707e-01
-5.899749874937469940e-01
-5.856528264132068173e-01
-5.813306653326666407e-01
-5.770085042521260199e-01
-5.726863431715858432e-01
-5.683641820910456666e-01
-5.640420210105054899e-01
-5.597198599299648691e-01
-5.553976988494246925e-01
-5.510755377688845158e-01
-5.467533766883443391e-01
-5.424312156078041625e-01
-5.381090545272635417e-01
-5.337868934467233650e-01
-5.294647323661831884e-01
-5.251425712856430117e-01
-5.208204102051028350e-01
-5.164982491245622143e-01
-5.121760880440220376e-01
-5.078539269634818609e-01
-5.035317658829416843e-01
-4.992096048024015076e-01
-4.948874437218608868e-01
-4.905652826413207102e-01
-4.862431215607805335e-01
-4.819209604802403568e-01
-4.775987993996997361e-01
-4.732766383191595594e-01
-4.689544772386193827e-01
-4.646323161580792060e-01
-4.603101550775390294e-01
-4.559879939969984086e-01
-4.516658329164582319e-01
-4.473436718359180553e-01
-4.430215107553778786e-01
-4.386993496748377019e-01
-4.343771885942970812e-01
-4.300550275137569045e-01
-4.257328664332167278e-01
-4.214107053526765512e-01
-4.170885442721363745e-01
-4.127663831915957537e-01
-4.084442221110555771e-01
-4.041220610305154004e-01
-3.997998999499752237e-01
-3.954777388694346030e-01
-3.911555777888944263e-01
-3.868334167083542496e-01
-3.825112556278140730e-01
-3.781890945472738963e-01
-3.738669334667332755e-01
-3.695447723861930989e-01
-3.652226113056529222e-01
-3.609004502251127455e-01
-3.565782891445725689e-01
-3.522561280640319481e-01
-3.479339669834917714e-01
-3.436118059029515948e-01
-3.392896448224114181e-01
-3.349674837418712414e-01
-3.306453226613306207e-01
-3.263231615807904440e-01
-3.220010005002502673e-01
-3.176788394197096466e-01
-3.133566783391694699e-01
-3.090345172586292932e-01
-3.047123561780891166e-01
-3.003901950975489399e-01
-2.960680340170087632e-01
-2.917458729364685865e-01
-2.874237118559284099e-01
-2.831015507753873450e-01
-2.787793896948471684e-01
-2.744572286143069917e-01
-2.701350675337668150e-01
-2.658129064532266383e-01
-2.614907453726864617e-01
-2.571685842921462850e-01
-2.528464232116061083e-01
-2.485242621310659317e-01
-2.442021010505257550e-01
-2.398799399699846902e-01
-2.355577788894445135e-01
-2.312356178089043368e-01
-2.269134567283641601e-01
-2.225912956478239835e-01
-2.182691345672838068e-01
-2.139469734867436301e-01
-2.096248124062034535e-01
-2.053026513256632768e-01
-2.009804902451222119e-01
-1.966583291645820353e-01
-1.923361680840418586e-01
-1.880140070035016819e-01
-1.836918459229615053e-01
-1.793696848424213286e-01
-1.750475237618811519e-01
-1.707253626813409753e-01
-1.664032016008007986e-01
-1.620810405202606219e-01
-1.577588794397195571e-01
-1.534367183591793804e-01
-1.491145572786392037e-01
-1.447923961980990271e-01
-1.404702351175588504e-01
-1.361480740370186737e-01
-1.318259129564784971e-01
-1.275037518759383204e-01
-1.231815907953981437e-01
-1.188594297148570789e-01
-1.145372686343169022e-01
-1.102151075537767255e-01
-1.058929464732365489e-01
-1.015707853926963722e-01
-9.724862431215619551e-02
-9.292646323161601885e-02
-8.860430215107584218e-02
-8.428214107053566551e-02
-7.995997998999548884e-02
-7.563781890945442399e-02
-7.131565782891424732e-02
-6.699349674837407065e-02
-6.267133566783389398e-02
-5.834917458729371731e-02
-5.402701350675354064e-02
-4.970485242621336397e-02
-4.538269134567318730e-02
-4.106053026513301063e-02
-3.673836918459194578e-02
-3.241620810405176911e-02
-2.809404702351159244e-02
-2.377188594297141577e-02
-1.944972486243123910e-02
-1.512756378189106243e-02
-1.080540270135088576e-02
-6.483241620810709094e-03
-2.161080540270532424e-03
2.161080540269644246e-03
6.483241620810709094e-03
1.080540270135088576e-02
1.512756378189106243e-02
1.944972486243123910e-02
2.377188594297141577e-02
2.809404702351159244e-02
3.241620810405176911e-02
3.673836918459194578e-02
4.106053026513212245e-02
4.538269134567318730e-02
4.970485242621336397e-02
5.402701350675354064e-02
5.834917458729371731e-02
6.267133566783389398e-02
6.699349674837407065e-02
7.131565782891424732e-02
7.563781890945442399e-02
7.995997998999460066e-02
8.428214107053477733e-02
8.860430215107584218e-02
9.292646323161601885e-02
9.724862431215619551e-02
1.015707853926963722e-01
1.058929464732365489e-01
1.102151075537767255e-01
1.145372686343169022e-01
1.188594297148570789e-01
1.231815907953972555e-01
1.275037518759383204e-01
1.318259129564784971e-01
1.361480740370186737e-01
1.404702351175588504e-01
1.447923961980990271e-01
1.491145572786392037e-01
1.534367183591793804e-01
1.577588794397195571e-01
1.620810405202597337e-01
1.664032016007999104e-01
1.707253626813409753e-01
1.750475237618811519e-01
1.793696848424213286e-01
1.836918459229615053e-01
1.880140070035016819e-01
1.923361680840418586e-01
1.966583291645820353e-01
2.009804902451222119e-01
2.053026513256623886e-01
2.096248124062034535e-01
2.139469734867436301e-01
2.182691345672838068e-01
2.225912956478239835e-01
2.269134567283641601e-01
2.312356178089043368e-01
2.355577788894445135e-01
2.398799399699846902e-01
2.442021010505248668e-01
2.485242621310650435e-01
2.528464232116061083e-01
2.571685842921462850e-01
2.614907453726864617e-01
2.658129064532266383e-01
2.701350675337668150e-01
2.744572286143069917e-01
2.787793896948471684e-01
2.831015507753873450e-01
2.874237118559275217e-01
2.917458729364685865e-01
2.960680340170087632e-01
3.003901950975489399e-01
3.047123561780891166e-01
3.090345172586292932e-01
3.133566783391694699e-01
3.176788394197096466e-01
3.220010005002498232e-01
3.263231615807899999e-01
3.306453226613301766e-01
3.349674837418712414e-01
3.392896448224114181e-01
3.436118059029515948e-01
3.479339669834917714e-01
3.522561280640319481e-01
3.565782891445721248e-01
3.609004502251123014e-01
3.652226113056524781e-01
3.695447723861926548e-01
3.738669334667337196e-01
3.781890945472738963e-01
3.825112556278140730e-01
3.868334167083542496e-01
3.911555777888944263e-01
3.954777388694346030e-01
3.997998999499747796e-01
4.041220610305149563e-01
4.084442221110551330e-01
4.127663831915953097e-01
4.170885442721363745e-01
4.214107053526765512e-01
4.257328664332167278e-01
4.300550275137569045e-01
4.343771885942970812e-01
4.386993496748372579e-01
4.430215107553774345e-01
4.473436718359176112e-01
4.516658329164577879e-01
4.559879939969988527e-01
4.603101550775390294e-01
4.646323161580792060e-01
4.689544772386193827e-01
4.732766383191595594e-01
4.775987993996997361e-01
4.819209604802399127e-01
4.862431215607800894e-01
4.905652826413202661e-01
4.948874437218604427e-01
4.992096048024015076e-01
5.035317658829416843e-01
5.078539269634818609e-01
5.121760880440220376e-01
5.164982491245622143e-01
5.208204102051023909e-01
5.251425712856425676e-01
5.294647323661827443e-01
5.337868934467229209e-01
5.381090545272639858e-01
5.424312156078041625e-01
5.467533766883443391e-01
5.510755377688845158e-01
5.553976988494246925e-01
5.597198599299648691e-01
5.640420210105050458e-01
5.683641820910452225e-01
5.726863431715853991e-01
5.770085042521255758e-01
5.813306653326666407e-01
5.856528264132068173e-01
5.899749874937469940e-01
5.942971485742871707e-01
5.986193096548273473e-01
6.029414707353675240e-01
6.072636318159077007e-01
6.115857928964478774e-01
6.159079539769880540e-01
6.202301150575291189e-01
6.245522761380692955e-01
6.288744372186094722e-01
6.331965982991496489e-01
6.375187593796898256e-01
6.418409204602300022e-01
6.461630815407701789e-01
6.504852426213103556e-01
6.548074037018505322e-01
6.591295647823915971e-01
6.634517258629317737e-01
6.677738869434719504e-01
6.720960480240121271e-01
6.764182091045523038e-01
6.807403701850924804e-01
6.850625312656326571e-01
6.893846923461728338e-01
6.937068534267130104e-01
6.980290145072531871e-01
7.023511755877942520e-01
7.066733366683344286e-01
7.109954977488746053e-01
7.153176588294147820e-01
7.196398199099549586e-01
7.239619809904951353e-01
7.282841420710353120e-01
7.326063031515754886e-01
7.369284642321156653e-01
7.412506253126567302e-01
7.455727863931969068e-01
7.498949474737370835e-01
7.542171085542772602e-01
7.585392696348174368e-01
7.628614307153576135e-01
7.671835917958977902e-01
7.715057528764379668e-01
7.758279139569781435e-01
7.801500750375183202e-01
7.844722361180593850e-01
7.887943971985995617e-01
7.931165582791397384e-01
7.974387193596799150e-01
8.017608804402200917e-01
8.060830415207602684e-01
8.104052026013004451e-01
8.147273636818406217e-01
8.190495247623807984e-01
8.233716858429218632e-01
8.276938469234620399e-01
8.320160080040022166e-01
8.363381690845423933e-01
8.406603301650825699e-01
8.449824912456227466e-01
8.493046523261629233e-01
8.536268134067030999e-01
8.579489744872432766e-01
8.622711355677834533e-01
8.665932966483245181e-01
8.709154577288646948e-01
8.752376188094048715e-01
8.795597798899450481e-01
8.838819409704852248e-01
8.882041020510254015e-01
8.925262631315655781e-01
8.968484242121057548e-01
9.011705852926459315e-01
9.054927463731869963e-01
9.098149074537271730e-01
9.141370685342673497e-01
9.184592296148075263e-01
9.227813906953477030e-01
9.271035517758878797e-01
9.314257128564280563e-01
9.357478739369682330e-01
9.400700350175084097e-01
9.443921960980485864e-01
9.487143571785896512e-01
9.530365182591298279e-01
9.573586793396700045e-01
9.616808404202101812e-01
9.660030015007503579e-01
9.703251625812905345e-01
9.746473236618307112e-01
9.789694847423708879e-01
9.832916458229110646e-01
9.876138069034521294e-01
9.919359679839923061e-01
9.962581290645324827e-01
1.000580290145072659e+00
1.004902451225612836e+00
1.009224612306153013e+00
1.013546773386693189e+00
1.017868934467233366e+00
1.022191095547773543e+00
1.026513256628313719e+00
1.030835417708854784e+00
1.035157578789394961e+00
1.039479739869935138e+00
1.043801900950475314e+00
1.048124062031015491e+00
1.052446223111555668e+00
1.056768384192095844e+00
1.061090545272636021e+00
1.065412706353176198e+00
1.069734867433717262e+00
1.074057028514257439e+00
1.078379189594797616e+00
1.082701350675337792e+00
1.087023511755877969e+00
1.091345672836418146e+00
1.095667833916958323e+00
1.099989994997498499e+00
1.104312156078038676e+00
1.108634317158578853e+00
1.112956478239119917e+00
1.117278639319660094e+00
1.121600800400200271e+00
1.125922961480740447e+00
1.130245122561280624e+00
1.134567283641820801e+00
1.138889444722360977e+00
1.143211605802901154e+00
1.147533766883441331e+00
1.151855927963982396e+00
1.156178089044522572e+00
1.160500250125062749e+00
1.164822411205602926e+00
1.169144572286143102e+00
1.173466733366683279e+00
1.177788894447223456e+00
1.182111055527763632e+00
1.186433216608303809e+00
1.190755377688843986e+00
1.195077538769385050e+00
1.199399699849925227e+00
1.203721860930465404e+00
1.208044022011005580e+00
1.212366183091545757e+00
1.216688344172085934e+00
1.221010505252626110e+00
1.225332666333166287e+00
1.229654827413706464e+00
1.233976988494247529e+00
1.238299149574787705e+00
1.242621310655327882e+00
1.246943471735868059e+00
1.251265632816408235e+00
1.255587793896948412e+00
1.259909954977488589e+00
1.264232116058028765e+00
1.268554277138568942e+00
1.272876438219109119e+00
1.277198599299650184e+00
1.281520760380190360e+00
1.285842921460730537e+00
1.290165082541270714e+00
1.294487243621810890e+00
1.298809404702351067e+00
1.303131565782891244e+00
1.307453726863431420e+00
1.311775887943971597e+00
1.316098049024512662e+00
1.320420210105052838e+00
1.324742371185593015e+00
1.329064532266133192e+00
1.333386693346673368e+00
1.337708854427213545e+00
1.342031015507753722e+00
1.346353176588293898e+00
1.350675337668834075e+00
1.354997498749374252e+00
1.359319659829915317e+00
1.363641820910455493e+00
1.367963981990995670e+00
1.372286143071535847e+00
1.376608304152076023e+00
1.380930465232616200e+00
1.385252626313156377e+00
1.389574787393696553e+00
1.393896948474236730e+00
1.398219109554777795e+00
1.402541270635317971e+00
1.406863431715858148e+00
1.411185592796398325e+00
1.415507753876938501e+00
1.419829914957478678e+00
1.424152076038018855e+00
1.428474237118559032e+00
1.432796398199099208e+00
1.437118559279639385e+00
1.441440720360180450e+00
1.445762881440720626e+00
1.450085042521260803e+00
1.454407203601800980e+00
1.458729364682341156e+00
1.463051525762881333e+00
1.467373686843421510e+00
1.471695847923961686e+00
1.476018009004501863e+00
1.480340170085042928e+00
1.484662331165583105e+00
1.488984492246123281e+00
1.493306653326663458e+00
1.497628814407203635e+00
1.501950975487743811e+00
1.506273136568283988e+00
1.510595297648824165e+00
1.514917458729364341e+00
1.519239619809904518e+00
1.523561780890445583e+00
1.527883941970985759e+00
1.532206103051525936e+00
1.536528264132066113e+00
1.540850425212606289e+00
1.545172586293146466e+00
1.549494747373686643e+00
1.553816908454226819e+00
1.558139069534766996e+00
1.562461230615308061e+00
1.566783391695848238e+00
1.571105552776388414e+00
1.575427713856928591e+00
1.579749874937468768e+00
1.584072036018008944e+00
1.588394197098549121e+00
1.592716358179089298e+00
1.597038519259629474e+00
1.601360680340169651e+00
1.605682841420710716e+00
1.610005002501250893e+00
1.614327163581791069e+00
1.618649324662331246e+00
1.622971485742871423e+00
1.627293646823411599e+00
1.631615807903951776e+00
1.635937968984491953e+00
1.640260130065032129e+00
1.644582291145573194e+00
1.648904452226113371e+00
1.653226613306653547e+00
1.657548774387193724e+00
1.661870935467733901e+00
1.666193096548274077e+00
1.670515257628814254e+00
1.674837418709354431e+00
1.679159579789894607e+00
1.683481740870434784e+00
1.687803901950975849e+00
1.692126063031516026e+00
1.696448224112056202e+00
1.700770385192596379e+00
1.705092546273136556e+00
1.709414707353676732e+00
1.713736868434216909e+00
1.718059029514757086e+00
1.722381190595297262e+00
1.726703351675838327e+00
1.731025512756378504e+00
1.735347673836918680e+00
1.739669834917458857e+00
1.743991995997999034e+00
1.748314157078539210e+00
1.752636318159079387e+00
1.756958479239619564e+00
1.761280640320159740e+00
1.765602801400699917e+00
1.769924962481240982e+00
1.774247123561781159e+00
1.778569284642321335e+00
1.782891445722861512e+00
1.787213606803401689e+00
1.791535767883941865e+00
1.795857928964482042e+00
1.800180090045022219e+00
1.804502251125562395e+00
1.808824412206103460e+00
1.813146573286643637e+00
1.817468734367183814e+00
1.821790895447723990e+00
1.826113056528264167e+00
1.830435217608804344e+00
1.834757378689344520e+00
1.839079539769884697e+00
1.843401700850424874e+00
1.847723861930965938e+00
1.852046023011506115e+00
1.856368184092046292e+00
1.860690345172586468e+00
1.865012506253126645e+00
1.869334667333666822e+00
1.873656828414206998e+00
1.877978989494747175e+00
1.882301150575287352e+00
1.886623311655827528e+00
1.890945472736368593e+00
1.895267633816908770e+00
1.899589794897448947e+00
1.903911955977989123e+00
1.908234117058529300e+00
1.912556278139069477e+00
1.916878439219609653e+00
1.921200600300149830e+00
1.925522761380690007e+00
1.929844922461231072e+00
1.934167083541771248e+00
1.938489244622311425e+00
1.942811405702851602e+00
1.947133566783391778e+00
1.951455727863931955e+00
1.955777888944472132e+00
1.960100050025012308e+00
1.964422211105552485e+00
1.968744372186092662e+00
1.973066533266633726e+00
1.977388694347173903e+00
1.981710855427714080e+00
1.986033016508254256e+00
1.990355177588794433e+00
1.994677338669334610e+00
1.998999499749874786e+00
2.003321660830414963e+00
2.007643821910955140e+00
2.011965982991496205e+00
2.016288144072036381e+00
2.020610305152576558e+00
2.024932466233116735e+00
2.029254627313656911e+00
2.033576788394197088e+00
2.037898949474737265e+00
2.042221110555277441e+00
2.046543271635817618e+00
2.050865432716357795e+00
2.055187593796898859e+00
2.059509754877439036e+00
2.063831915957979213e+00
2.068154077038519389e+00
2.072476238119059566e+00
2.076798399199599743e+00
2.081120560280139919e+00
2.085442721360680096e+00
2.089764882441220273e+00
2.094087043521761338e+00
2.098409204602301514e+00
2.102731365682841691e+00
2.107053526763381868e+00
2.111375687843922044e+00
2.115697848924462221e+00
2.120020010005002398e+00
2.124342171085542574e+00
2.128664332166082751e+00
2.132986493246622928e+00
2.137308654327163993e+00
2.141630815407704169e+00
2.145952976488244346e+00
2.150275137568784523e+00
2.154597298649324699e+00
2.158919459729864876e+00
2.163241620810405053e+00
2.167563781890945229e+00
2.171885942971485406e+00
2.176208104052026471e+00
2.180530265132566647e+00
2.184852426213106824e+00
2.189174587293647001e+00
2.193496748374187177e+00
2.197818909454727354e+00
2.202141070535267531e+00
2.206463231615807707e+00
2.210785392696347884e+00
2.215107553776888061e+00
2.219429714857429126e+00
2.223751875937969302e+00
2.228074037018509479e+00
2.232396198099049656e+00
2.236718359179589832e+00
2.241040520260130009e+00
2.245362681340670186e+00
2.249684842421210362e+00
2.254007003501750539e+00
2.258329164582291604e+00
2.262651325662831781e+00
2.266973486743371957e+00
2.271295647823912134e+00
2.275617808904452311e+00
2.279939969984992487e+00
2.284262131065532664e+00
2.288584292146072841e+00
2.292906453226613017e+00
2.297228614307153194e+00
2.301550775387694259e+00
2.305872936468234435e+00
2.310195097548774612e+00
2.314517258629314789e+00
2.318839419709854965e+00
2.323161580790395142e+00
2.327483741870935319e+00
2.331805902951475495e+00
2.336128064032015672e+00
2.340450225112556737e+00
2.344772386193096914e+00
2.349094547273637090e+00
2.353416708354177267e+00
2.357738869434717444e+00
2.362061030515257620e+00
2.366383191595797797e+00
2.370705352676337974e+00
2.375027513756878150e+00
2.379349674837418327e+00
2.383671835917959392e+00
2.387993996998499568e+00
2.392316158079039745e+00
2.396638319159579922e+00
2.400960480240120098e+00
2.405282641320660275e+00
2.409604802401200452e+00
2.413926963481740628e+00
2.418249124562280805e+00
2.422571285642821870e+00
2.426893446723362047e+00
2.431215607803902223e+00
2.435537768884442400e+00
2.439859929964982577e+00
2.444182091045522753e+00
2.448504252126062930e+00
2.452826413206603107e+00
2.457148574287143283e+00
2.461470735367683460e+00
2.465792896448224525e+00
2.470115057528764702e+00
2.474437218609304878e+00
2.478759379689845055e+00
2.483081540770385232e+00
2.487403701850925408e+00
2.491725862931465585e+00
2.496048024012005762e+00
2.500370185092545938e+00
2.504692346173087003e+00
2.509014507253627180e+00
2.513336668334167356e+00
2.517658829414707533e+00
2.521980990495247710e+00
2.526303151575787886e+00
2.530625312656328063e+00
2.534947473736868240e+00
2.539269634817408416e+00
2.543591795897948593e+00
2.547913956978489658e+00
2.552236118059029835e+00
2.556558279139570011e+00
2.560880440220110188e+00
2.565202601300650365e+00
2.569524762381190541e+00
2.573846923461730718e+00
2.578169084542270895e+00
2.582491245622811071e+00
2.586813406703352136e+00
2.591135567783892313e+00
2.595457728864432490e+00
2.599779889944972666e+00
2.604102051025512843e+00
2.608424212106053020e+00
2.612746373186593196e+00
2.617068534267133373e+00
2.621390695347673550e+00
2.625712856428213726e+00
2.630035017508754791e+00
2.634357178589294968e+00
2.638679339669835144e+00
2.643001500750375321e+00
2.647323661830915498e+00
2.651645822911455674e+00
2.655967983991995851e+00
2.660290145072536028e+00
2.664612306153076204e+00
2.668934467233617269e+00
2.673256628314157446e+00
2.677578789394697623e+00
2.681900950475237799e+00
2.686223111555777976e+00
2.690545272636318153e+00
2.694867433716858329e+00
2.699189594797398506e+00
2.703511755877938683e+00
2.707833916958478859e+00
2.712156078039019924e+00
2.716478239119560101e+00
2.720800400200100277e+00
2.725122561280640454e+00
2.729444722361180631e+00
2.733766883441720807e+00
2.738089044522260984e+00
2.742411205602801161e+00
2.746733366683341337e+00
2.751055527763882402e+00
2.755377688844422579e+00
2.759699849924962756e+00
2.764022011005502932e+00
2.768344172086043109e+00
2.772666333166583286e+00
2.776988494247123462e+00
2.781310655327663639e+00
2.785632816408203816e+00
2.789954977488743992e+00
2.794277138569285057e+00
2.798599299649825234e+00
2.802921460730365411e+00
2.807243621810905587e+00
2.811565782891445764e+00
2.815887943971985941e+00
2.820210105052526117e+00
2.824532266133066294e+00
2.828854427213606471e+00
2.833176588294147535e+00
2.837498749374687712e+00
2.841820910455227889e+00
2.846143071535768065e+00
2.850465232616308242e+00
2.854787393696848419e+00
2.859109554777388595e+00
2.863431715857928772e+00
2.867753876938468949e+00
2.872076038019010014e+00
2.876398199099550190e+00
2.880720360180090367e+00
2.885042521260630544e+00
2.889364682341170720e+00
2.893686843421710897e+00
2.898009004502251074e+00
2.902331165582791250e+00
2.906653326663331427e+00
2.910975487743871604e+00
2.915297648824412668e+00
2.919619809904952845e+00
2.923941970985493022e+00
2.928264132066033198e+00
2.932586293146573375e+00
2.936908454227113552e+00
2.941230615307653729e+00
2.945552776388193905e+00
2.949874937468734082e+00
2.954197098549275147e+00
2.958519259629815323e+00
2.962841420710355500e+00
2.967163581790895677e+00
2.971485742871435853e+00
2.975807903951976030e+00
2.980130065032516207e+00
2.984452226113056383e+00
2.988774387193596560e+00
2.993096548274136737e+00
2.997418709354677802e+00
3.001740870435217978e+00
3.006063031515758155e+00
3.010385192596298332e+00
3.014707353676838508e+00
3.019029514757378685e+00
3.023351675837918862e+00
3.027673836918459038e+00
3.031995997998999215e+00
3.036318159079540280e+00
3.040640320160080456e+00
3.044962481240620633e+00
3.049284642321160810e+00
3.053606803401700986e+00
3.057928964482241163e+00
3.062251125562781340e+00
3.066573286643321516e+00
3.070895447723861693e+00
3.075217608804401870e+00
3.079539769884942935e+00
3.083861930965483111e+00
3.088184092046023288e+00
3.092506253126563465e+00
3.096828414207103641e+00
3.101150575287643818e+00
3.105472736368183995e+00
3.109794897448724171e+00
3.114117058529264348e+00
3.118439219609805413e+00
3.122761380690345590e+00
3.127083541770885766e+00
3.131405702851425943e+00
3.135727863931966120e+00
3.140050025012506296e+00
3.144372186093046473e+00
3.148694347173586650e+00
3.153016508254126826e+00
3.157338669334667003e+00
3.161660830415208068e+00
3.165982991495748244e+00
3.170305152576288421e+00
3.174627313656828598e+00
3.178949474737368774e+00
3.183271635817908951e+00
3.187593796898449128e+00
3.191915957978989304e+00
3.196238119059529481e+00
3.200560280140070546e+00
3.204882441220610723e+00
3.209204602301150899e+00
3.213526763381691076e+00
3.217848924462231253e+00
3.222171085542771429e+00
3.226493246623311606e+00
3.230815407703851783e+00
3.235137568784391959e+00
3.239459729864932136e+00
3.243781890945473201e+00
3.248104052026013377e+00
3.252426213106553554e+00
3.256748374187093731e+00
3.261070535267633907e+00
3.265392696348174084e+00
3.269714857428714261e+00
3.274037018509254438e+00
3.278359179589794614e+00
3.282681340670335679e+00
3.287003501750875856e+00
3.291325662831416032e+00
3.295647823911956209e+00
3.299969984992496386e+00
3.304292146073036562e+00
3.308614307153576739e+00
3.312936468234116916e+00
3.317258629314657092e+00
3.321580790395197269e+00
3.325902951475738334e+00
3.330225112556278511e+00
3.334547273636818687e+00
3.338869434717358864e+00
3.343191595797899041e+00
3.347513756878439217e+00
3.351835917958979394e+00
3.356158079039519571e+00
3.360480240120059747e+00
3.364802401200600812e+00
3.369124562281140989e+00
3.373446723361681165e+00
3.377768884442221342e+00
3.382091045522761519e+00
3.386413206603301695e+00
3.390735367683841872e+00
3.395057528764382049e+00
3.399379689844922225e+00
3.403701850925462402e+00
3.408024012006003467e+00
3.412346173086543644e+00
3.416668334167083820e+00
3.420990495247623997e+00
3.425312656328164174e+00
3.429634817408704350e+00
3.433956978489244527e+00
3.438279139569784704e+00
3.442601300650324880e+00
3.446923461730865945e+00
3.451245622811406122e+00
3.455567783891946299e+00
3.459889944972486475e+00
3.464212106053026652e+00
3.468534267133566829e+00
3.472856428214107005e+00
3.477178589294647182e+00
3.481500750375187359e+00
3.485822911455727535e+00
3.490145072536268600e+00
3.494467233616808777e+00
3.498789394697348953e+00
3.503111555777889130e+00
3.507433716858429307e+00
3.511755877938969483e+00
3.516078039019509660e+00
3.520400200100049837e+00
3.524722361180590013e+00
3.529044522261131078e+00
3.533366683341671255e+00
3.537688844422211432e+00
3.542011005502751608e+00
3.546333166583291785e+00
3.550655327663831962e+00
3.554977488744372138e+00
3.559299649824912315e+00
3.563621810905452492e+00
3.567943971985992668e+00
3.572266133066533733e+00
3.576588294147073910e+00
3.580910455227614086e+00
3.585232616308154263e+00
3.589554777388694440e+00
3.593876938469234616e+00
3.598199099549774793e+00
3.602521260630314970e+00
3.606843421710855147e+00
3.611165582791396211e+00
3.615487743871936388e+00
3.619809904952476565e+00
3.624132066033016741e+00
3.628454227113556918e+00
3.632776388194097095e+00
3.637098549274637271e+00
3.641420710355177448e+00
3.645742871435717625e+00
3.650065032516257801e+00
3.654387193596798866e+00
3.658709354677339043e+00
3.663031515757879220e+00
3.667353676838419396e+00
3.671675837918959573e+00
3.675997998999499750e+00
3.680320160080039926e+00
3.684642321160580991e+00
3.688964482241120280e+00
3.693286643321661344e+00
3.697608804402200633e+00
3.701930965482741698e+00
3.706253126563280986e+00
3.710575287643822051e+00
3.714897448724363116e+00
3.719219609804902404e+00
3.723541770885443469e+00
3.727863931965982758e+00
3.732186093046523823e+00
3.736508254127063111e+00
3.740830415207604176e+00
3.745152576288143464e+00
3.749474737368684529e+00
3.753796898449225594e+00
3.758119059529764883e+00
3.762441220610305948e+00
3.766763381690845236e+00
3.771085542771386301e+00
3.775407703851925589e+00
3.779729864932466654e+00
3.784052026013005943e+00
3.788374187093547008e+00
3.792696348174086296e+00
3.797018509254627361e+00
3.801340670335168426e+00
3.805662831415707714e+00
3.809984992496248779e+00
3.814307153576788068e+00
3.818629314657329132e+00
3.822951475737868421e+00
3.827273636818409486e+00
3.831595797898948774e+00
3.835917958979489839e+00
3.840240120060030904e+00
3.844562281140570192e+00
3.848884442221111257e+00
3.853206603301650546e+00
3.857528764382191611e+00
3.861850925462730899e+00
3.866173086543271964e+00
3.870495247623811252e+00
3.874817408704352317e+00
3.879139569784893382e+00
3.883461730865432671e+00
3.887783891945973735e+00
3.892106053026513024e+00
3.896428214107054089e+00
3.900750375187593377e+00
3.905072536268134442e+00
3.909394697348673731e+00
3.913716858429214795e+00
3.918039019509755860e+00
3.922361180590295149e+00
3.926683341670836214e+00
3.931005502751375502e+00
3.935327663831916567e+00
3.939649824912455855e+00
3.943971985992996920e+00
3.948294147073536209e+00
3.952616308154077274e+00
3.956938469234616562e+00
3.961260630315157627e+00
3.965582791395698692e+00
3.969904952476237980e+00
3.974227113556779045e+00
3.978549274637318334e+00
3.982871435717859399e+00
3.987193596798398687e+00
3.991515757878939752e+00
3.995837918959479040e+00
4.000160080040020105e+00
4.004482241120561170e+00
4.008804402201100459e+00
4.013126563281641523e+00
4.017448724362180812e+00
4.021770885442721877e+00
4.026093046523261165e+00
4.030415207603802230e+00
4.034737368684341519e+00
4.039059529764882583e+00
4.043381690845423648e+00
4.047703851925962937e+00
4.052026013006504002e+00
4.056348174087043290e+00
4.060670335167584355e+00
4.064992496248123643e+00
4.069314657328664708e+00
4.073636818409203997e+00
4.077958979489745062e+00
4.082281140570286126e+00
4.086603301650825415e+00
4.090925462731366480e+00
4.095247623811905768e+00
4.099569784892446833e+00
4.103891945972986122e+00
4.108214107053527187e+00
4.112536268134066475e+00
4.116858429214607540e+00
4.121180590295146828e+00
4.125502751375687893e+00
4.129824912456228958e+00
4.134147073536768247e+00
4.138469234617309311e+00
4.142791395697848600e+00
4.147113556778389665e+00
4.151435717858928953e+00
4.155757878939470018e+00
4.160080040020009307e+00
4.164402201100550371e+00
4.168724362181091436e+00
4.173046523261630725e+00
4.177368684342171790e+00
4.181690845422711078e+00
4.186013006503252143e+00
4.190335167583791431e+00
4.194657328664332496e+00
4.198979489744871785e+00
4.203301650825412850e+00
4.207623811905953914e+00
4.211945972986493203e+00
4.216268134067034268e+00
4.220590295147573556e+00
4.224912456228114621e+00
4.229234617308653910e+00
4.233556778389194974e+00
4.237878939469734263e+00
4.242201100550275328e+00
4.246523261630816393e+00
4.250845422711355681e+00
4.255167583791896746e+00
4.259489744872436034e+00
4.263811905952977099e+00
4.268134067033516388e+00
4.272456228114057453e+00
4.276778389194596741e+00
4.281100550275137806e+00
4.285422711355677095e+00
4.289744872436218159e+00
4.294067033516759224e+00
4.298389194597298513e+00
4.302711355677839578e+00
4.307033516758378866e+00
4.311355677838919931e+00
4.315677838919459219e+00
4.320000000000000284e+00
