0.000000 0.000000
0.000069 -0.000038
0.000231 -0.000216
0.000383 -0.000600
0.000397 -0.001200
0.000139 -0.001968
-0.000502 -0.002793
-0.001593 -0.003514
-0.003137 -0.003935
-0.005058 -0.003853
-0.007202 -0.003085
-0.009342 -0.001497
-0.011193 0.000970
-0.012438 0.004277
-0.012764 0.008280
-0.011892 0.012726
-0.009615 0.017260
-0.005833 0.021454
-0.000576 0.024835
0.005980 0.026924
0.013512 0.027283
0.021554 0.025560
0.029529 0.021528
0.036780 0.015127
0.042619 0.006482
0.046379 -0.004083
0.047473 -0.016051
0.045448 -0.028734
0.040036 -0.041307
0.031187 -0.052860
0.019102 -0.062459
0.004232 -0.069211
-0.012727 -0.072338
-0.030866 -0.071235
-0.049110 -0.065535
-0.066280 -0.055148
-0.081166 -0.040291
-0.092609 -0.021494
-0.099580 0.000413
-0.101261 0.024336
-0.097107 0.048968
-0.086903 0.072865
-0.070799 0.094527
-0.049316 0.112494
-0.023340 0.125434
0.005917 0.132239
0.036973 0.132101
0.068152 0.124579
0.097677 0.109641
0.123775 0.087687
0.144775 0.059544
0.159218 0.026436
0.165946 -0.010074
0.164184 -0.048154
0.153596 -0.085804
0.134326 -0.120963
0.106999 -0.151620
0.072707 -0.175930
0.032965 -0.192323
-0.010366 -0.199599
-0.055164 -0.197000
-0.099156 -0.184271
-0.140039 -0.161681
-0.175600 -0.130027
-0.203835 -0.090599
-0.223061 -0.045130
-0.232014 0.004291
-0.229917 0.055317
-0.216535 0.105460
-0.192197 0.152216
-0.157786 0.193191
-0.114705 0.226229
-0.064818 0.249516
-0.010358 0.261683
0.046176 0.261877
0.102138 0.249809
0.154863 0.225776
0.201801 0.190653
0.240634 0.145857
0.269396 0.093282
0.286565 0.035213
0.291145 -0.025776
0.282708 -0.086948
0.261425 -0.145523
0.228056 -0.198814
0.183923 -0.244345
0.130843 -0.279973
0.071056 -0.303980
0.007117 -0.315158
-0.058214 -0.312861
-0.122101 -0.297035
-0.181753 -0.268220
-0.234550 -0.227530
-0.278159 -0.176599
-0.310636 -0.117508
-0.330509 -0.052699
-0.336840 0.015137
-0.329264 0.083173
-0.308003 0.148572
-0.273855 0.208601
-0.228155 0.260752
-0.172720 0.302843
-0.109764 0.333107
-0.041811 0.350266
0.028415 0.353577
0.098103 0.342859
0.164472 0.318498
0.224878 0.281427
0.276924 0.233080
0.318554 0.175335
0.348128 0.110433
0.364487 0.040884
0.366991 -0.030631
0.355539 -0.101369
0.330569 -0.168630
0.293033 -0.229864
0.244356 -0.282766
0.186375 -0.325358
0.121265 -0.356065
0.051451 -0.373768
-0.020481 -0.377838
-0.091889 -0.368154
-0.160171 -0.345102
-0.222859 -0.309556
-0.277709 -0.262831
-0.322778 -0.206640
-0.356494 -0.143017
-0.377701 -0.074244
-0.385702 -0.002766
-0.380268 0.068903
-0.361647 0.138262
-0.330541 0.202921
-0.288081 0.260672
-0.235776 0.309571
-0.175456 0.347996
-0.109206 0.374702
-0.039288 0.388851
0.031937 0.390038
0.102092 0.378298
0.168860 0.354094
0.230065 0.318297
0.283739 0.272148
0.328184 0.217213
0.362020 0.155324
0.384229 0.088515
0.394177 0.018955
0.391632 -0.051127
0.376758 -0.119515
0.350110 -0.184072
0.312601 -0.242809
0.265474 -0.293946
0.210253 -0.335958
0.148692 -0.367625
0.082714 -0.388058
0.014353 -0.396721
-0.054311 -0.393444
-0.121220 -0.378416
-0.184396 -0.352177
-0.241996 -0.315590
-0.292369 -0.269816
-0.334101 -0.216267
-0.366048 -0.156561
-0.387365 -0.092476
-0.397528 -0.025889
-0.396338 0.041279
-0.383924 0.107115
-0.360730 0.169774
-0.327498 0.227526
-0.285240 0.278801
-0.235203 0.322235
-0.178833 0.356701
-0.117726 0.381331
-0.053587 0.395543
0.011824 0.399043
0.076740 0.391831
0.139430 0.374196
0.198252 0.346698
0.251689 0.310151
0.298388 0.265593
0.337196 0.214259
0.367178 0.157537
0.387645 0.096936
0.398162 0.034040
0.398552 -0.029532
0.388899 -0.092171
0.369539 -0.152313
0.341046 -0.208484
0.304209 -0.259331
0.260014 -0.303653
0.209610 -0.340428
0.154280 -0.368835
0.095407 -0.388268
0.034434 -0.398348
-0.027164 -0.398923
-0.087926 -0.390073
-0.146431 -0.372096
-0.201334 -0.345501
-0.251397 -0.310989
-0.295513 -0.269432
-0.332732 -0.221851
-0.362273 -0.169389
-0.383547 -0.113277
-0.396158 -0.054813
-0.399911 0.004679
-0.394811 0.063869
-0.381060 0.121460
-0.359045 0.176209
-0.329327 0.226958
-0.292625 0.272653
-0.249795 0.312369
-0.201811 0.345321
-0.149739 0.370885
-0.094711 0.388599
-0.037904 0.398176
0.019489 0.399504
0.076283 0.392639
0.131327 0.377808
0.183525 0.355395
0.231858 0.325930
0.275401 0.290075
0.313343 0.248610
0.344996 0.202408
0.369810 0.152425
0.387375 0.099669
0.397432 0.045187
0.399869 -0.009961
0.394723 -0.064721
0.382173 -0.118065
0.362535 -0.169011
0.336250 -0.216639
0.303877 -0.260106
0.266076 -0.298665
0.223592 -0.331669
0.177244 -0.358584
0.127905 -0.378997
0.076484 -0.392617
0.023911 -0.399283
-0.028881 -0.398954
-0.080973 -0.391717
-0.131475 -0.377774
-0.179542 -0.357441
-0.224385 -0.331135
-0.265288 -0.299369
-0.301611 -0.262736
-0.332805 -0.221901
-0.358418 -0.177583
-0.378096 -0.130548
-0.391590 -0.081589
-0.398756 -0.031515
-0.399555 0.018861
-0.394049 0.068741
-0.382400 0.117345
-0.364863 0.163935
-0.341780 0.207813
-0.313571 0.248341
-0.280727 0.284943
-0.243799 0.317115
-0.203389 0.344431
-0.160140 0.366545
-0.114721 0.383196
-0.067823 0.394208
-0.020143 0.399492
0.027627 0.399045
0.074804 0.392943
0.120732 0.381345
0.164783 0.364481
0.206371 0.342653
0.244954 0.316224
0.280045 0.285613
0.311214 0.251288
0.338095 0.213757
0.360384 0.173560
0.377850 0.131262
0.390325 0.087441
0.397716 0.042687
0.399993 -0.002415
0.397195 -0.047287
0.389426 -0.091365
0.376848 -0.134110
0.359683 -0.175009
0.338202 -0.213587
0.312726 -0.249404
0.283615 -0.282068
0.251268 -0.311230
0.216112 -0.336594
0.178597 -0.357915
0.139193 -0.375000
0.098379 -0.387713
0.056641 -0.395969
0.014463 -0.399738
-0.027677 -0.399041
-0.069311 -0.393949
-0.109989 -0.384581
-0.149283 -0.371099
-0.186788 -0.353709
-0.222131 -0.332652
-0.254970 -0.308205
-0.284996 -0.280673
-0.311940 -0.250387
-0.335571 -0.217697
-0.355698 -0.182973
-0.372169 -0.146595
-0.384877 -0.108948
-0.393752 -0.070425
-0.398764 -0.031415
-0.399926 0.007698
-0.397284 0.046537
-0.390921 0.084739
-0.380955 0.121955
-0.367535 0.157854
-0.350837 0.192128
-0.331065 0.224490
-0.308446 0.254679
-0.283225 0.282460
-0.255667 0.307627
-0.226049 0.330003
-0.194661 0.349439
-0.161798 0.365816
-0.127763 0.379047
-0.092858 0.389072
-0.057388 0.395862
-0.021650 0.399414
0.014060 0.399753
0.049459 0.396930
0.084272 0.391022
0.118235 0.382126
0.151101 0.370362
0.182638 0.355870
0.212629 0.338805
0.240877 0.319341
0.267203 0.297662
0.291450 0.273966
0.313477 0.248459
0.333168 0.221357
0.350426 0.192878
0.365172 0.163246
0.377352 0.132686
0.386928 0.101424
0.393884 0.069682
0.398221 0.037681
0.399960 0.005635
0.399138 -0.026246
0.395808 -0.057761
0.390037 -0.088718
0.381910 -0.118932
0.371520 -0.148232
0.358976 -0.176456
0.344393 -0.203454
0.327899 -0.229090
0.309628 -0.253240
0.289721 -0.275793
0.268325 -0.296651
0.245590 -0.315730
0.221671 -0.332960
0.196723 -0.348282
0.170903 -0.361652
0.144368 -0.373039
0.117273 -0.382422
0.089772 -0.389796
0.062015 -0.395163
0.034148 -0.398540
0.006314 -0.399950
-0.021349 -0.399430
-0.048710 -0.397023
-0.075644 -0.392782
-0.102032 -0.386768
-0.127763 -0.379047
-0.152730 -0.369694
-0.176839 -0.358787
-0.200000 -0.346410
-0.222131 -0.332652
-0.243160 -0.317605
-0.263021 -0.301363
-0.281657 -0.284023
-0.299019 -0.265683
-0.315065 -0.246443
-0.329761 -0.226402
-0.343081 -0.205659
-0.355005 -0.184314
-0.365520 -0.162465
-0.374623 -0.140207
-0.382312 -0.117634
-0.388594 -0.094839
-0.393483 -0.071911
-0.396995 -0.048935
-0.399154 -0.025995
-0.399987 -0.003170
-0.399526 0.019465
-0.397806 0.041836
-0.394867 0.063878
-0.390750 0.085526
-0.385501 0.106720
-0.379168 0.127405
-0.371799 0.147530
-0.363448 0.167050
-0.354166 0.185920
-0.344008 0.204104
-0.333029 0.221566
-0.321284 0.238278
-0.308830 0.254213
-0.295721 0.269349
-0.282014 0.283669
-0.267764 0.297157
-0.253026 0.309803
-0.237853 0.321599
-0.222299 0.332541
-0.206414 0.342627
-0.190250 0.351859
-0.173855 0.360242
-0.157276 0.367783
-0.140560 0.374490
-0.123750 0.380376
-0.106889 0.385454
-0.090017 0.389740
-0.073172 0.393250
-0.056392 0.396005
-0.039709 0.398024
-0.023157 0.399329
-0.006767 0.399943
0.009433 0.399889
0.025417 0.399192
0.041161 0.397877
0.056641 0.395969
0.071836 0.393497
0.086729 0.390484
0.101302 0.386960
0.115540 0.382950
0.129430 0.378481
0.142960 0.373581
0.156119 0.368276
0.168899 0.362592
0.181294 0.356557
0.193296 0.350195
0.204904 0.343532
0.216112 0.336594
0.226920 0.329404
0.237327 0.321987
0.247334 0.314366
0.256942 0.306563
0.266153 0.298601
0.274972 0.290500
0.283403 0.282282
0.291450 0.273966
0.299119 0.265570
0.306418 0.257115
0.313352 0.248617
0.319930 0.240093
0.326160 0.231559
0.332051 0.223030
0.337610 0.214522
0.342847 0.206048
0.347773 0.197620
0.352396 0.189253
0.356728 0.180957
0.360776 0.172744
0.364554 0.164623
0.368069 0.156605
0.371334 0.148699
0.374357 0.140913
0.377151 0.133256
0.379725 0.125734
0.382089 0.118355
0.384254 0.111125
0.386230 0.104050
0.388027 0.097135
0.389654 0.090385
0.391123 0.083804
0.392441 0.077398
0.393618 0.071168
0.394664 0.065119
0.395587 0.059254
0.396396 0.053576
0.397099 0.048086
0.397705 0.042787
0.398221 0.037681
0.398655 0.032769
0.399015 0.028053
0.399307 0.023534
0.399538 0.019213
0.399715 0.015091
0.399844 0.011169
0.399931 0.007446
0.399981 0.003925
0.400000 0.000604
0.399992 -0.002516
0.399963 -0.005434
0.399917 -0.008151
0.399858 -0.010666
0.399789 -0.012979
0.399715 -0.015091
0.399639 -0.017002
0.399562 -0.018711
0.399489 -0.020218
0.399420 -0.021525
0.399359 -0.022630
0.399307 -0.023534
0.399265 -0.024237
0.399234 -0.024740
0.399215 -0.025041
0.399209 -0.025141
0.399215 -0.025041
0.399234 -0.024740
0.399265 -0.024237
0.399307 -0.023534
0.399359 -0.022630
0.399420 -0.021525
0.399489 -0.020218
0.399562 -0.018711
0.399639 -0.017002
0.399715 -0.015091
0.399789 -0.012979
0.399858 -0.010666
0.399917 -0.008151
0.399963 -0.005434
0.399992 -0.002516
0.400000 0.000604
0.399981 0.003925
0.399931 0.007446
0.399844 0.011169
0.399715 0.015091
0.399538 0.019213
0.399307 0.023534
0.399015 0.028053
0.398655 0.032769
0.398221 0.037681
0.397705 0.042787
0.397099 0.048086
0.396396 0.053576
0.395587 0.059254
0.394664 0.065119
0.393618 0.071168
0.392441 0.077398
0.391123 0.083804
0.389654 0.090385
0.388027 0.097135
0.386230 0.104050
0.384254 0.111125
0.382089 0.118355
0.379725 0.125734
0.377151 0.133256
0.374357 0.140913
0.371334 0.148699
0.368069 0.156605
0.364554 0.164623
0.360776 0.172744
0.356728 0.180957
0.352396 0.189253
0.347773 0.197620
0.342847 0.206048
0.337610 0.214522
0.332051 0.223030
0.326160 0.231559
0.319930 0.240093
0.313352 0.248617
0.306418 0.257115
0.299119 0.265570
0.291450 0.273966
0.283403 0.282282
0.274972 0.290500
0.266153 0.298601
0.256942 0.306563
0.247334 0.314366
0.237327 0.321987
0.226920 0.329404
0.216112 0.336594
0.204904 0.343532
0.193296 0.350195
0.181294 0.356557
0.168899 0.362592
0.156119 0.368276
0.142960 0.373581
0.129430 0.378481
0.115540 0.382950
0.101302 0.386960
0.086729 0.390484
0.071836 0.393497
0.056641 0.395969
0.041161 0.397877
0.025417 0.399192
0.009433 0.399889
-0.006767 0.399943
-0.023157 0.399329
-0.039709 0.398024
-0.056392 0.396005
-0.073172 0.393250
-0.090017 0.389740
-0.106889 0.385454
-0.123750 0.380376
-0.140560 0.374490
-0.157276 0.367783
-0.173855 0.360242
-0.190250 0.351859
-0.206414 0.342627
-0.222299 0.332541
-0.237853 0.321599
-0.253026 0.309803
-0.267764 0.297157
-0.282014 0.283669
-0.295721 0.269349
-0.308830 0.254213
-0.321284 0.238278
-0.333029 0.221566
-0.344008 0.204104
-0.354166 0.185920
-0.363448 0.167050
-0.371799 0.147530
-0.379168 0.127405
-0.385501 0.106720
-0.390750 0.085526
-0.394867 0.063878
-0.397806 0.041836
-0.399526 0.019465
-0.399987 -0.003170
-0.399154 -0.025995
-0.396995 -0.048935
-0.393483 -0.071911
-0.388594 -0.094839
-0.382312 -0.117634
-0.374623 -0.140207
-0.365520 -0.162465
-0.355005 -0.184314
-0.343081 -0.205659
-0.329761 -0.226402
-0.315065 -0.246443
-0.299019 -0.265683
-0.281657 -0.284023
-0.263021 -0.301363
-0.243160 -0.317605
-0.222131 -0.332652
-0.200000 -0.346410
-0.176839 -0.358787
-0.152730 -0.369694
-0.127763 -0.379047
-0.102032 -0.386768
-0.075644 -0.392782
-0.048710 -0.397023
-0.021349 -0.399430
0.006314 -0.399950
0.034148 -0.398540
0.062015 -0.395163
0.089772 -0.389796
0.117273 -0.382422
0.144368 -0.373039
0.170903 -0.361652
0.196723 -0.348282
0.221671 -0.332960
0.245590 -0.315730
0.268325 -0.296651
0.289721 -0.275793
0.309628 -0.253240
0.327899 -0.229090
0.344393 -0.203454
0.358976 -0.176456
0.371520 -0.148232
0.381910 -0.118932
0.390037 -0.088718
0.395808 -0.057761
0.399138 -0.026246
0.399960 0.005635
0.398221 0.037681
0.393884 0.069682
0.386928 0.101424
0.377352 0.132686
0.365172 0.163246
0.350426 0.192878
0.333168 0.221357
0.313477 0.248459
0.291450 0.273966
0.267203 0.297662
0.240877 0.319341
0.212629 0.338805
0.182638 0.355870
0.151101 0.370362
0.118235 0.382126
0.084272 0.391022
0.049459 0.396930
0.014060 0.399753
-0.021650 0.399414
-0.057388 0.395862
-0.092858 0.389072
-0.127763 0.379047
-0.161798 0.365816
-0.194661 0.349439
-0.226049 0.330003
-0.255667 0.307627
-0.283225 0.282460
-0.308446 0.254679
-0.331065 0.224490
-0.350837 0.192128
-0.367535 0.157854
-0.380955 0.121955
-0.390921 0.084739
-0.397284 0.046537
-0.399926 0.007698
-0.398764 -0.031415
-0.393752 -0.070425
-0.384877 -0.108948
-0.372169 -0.146595
-0.355698 -0.182973
-0.335571 -0.217697
-0.311940 -0.250387
-0.284996 -0.280673
-0.254970 -0.308205
-0.222131 -0.332652
-0.186788 -0.353709
-0.149283 -0.371099
-0.109989 -0.384581
-0.069311 -0.393949
-0.027677 -0.399041
0.014463 -0.399738
0.056641 -0.395969
0.098379 -0.387713
0.139193 -0.375000
0.178597 -0.357915
0.216112 -0.336594
0.251268 -0.311230
0.283615 -0.282068
0.312726 -0.249404
0.338202 -0.213587
0.359683 -0.175009
0.376848 -0.134110
0.389426 -0.091365
0.397195 -0.047287
0.399993 -0.002415
0.397716 0.042687
0.390325 0.087441
0.377850 0.131262
0.360384 0.173560
0.338095 0.213757
0.311214 0.251288
0.280045 0.285613
0.244954 0.316224
0.206371 0.342653
0.164783 0.364481
0.120732 0.381345
0.074804 0.392943
0.027627 0.399045
-0.020143 0.399492
-0.067823 0.394208
-0.114721 0.383196
-0.160140 0.366545
-0.203389 0.344431
-0.243799 0.317115
-0.280727 0.284943
-0.313571 0.248341
-0.341780 0.207813
-0.364863 0.163935
-0.382400 0.117346
-0.394049 0.068741
-0.399555 0.018861
-0.398756 -0.031515
-0.391590 -0.081589
-0.378096 -0.130548
-0.358418 -0.177583
-0.332806 -0.221901
-0.301611 -0.262736
-0.265288 -0.299369
-0.224385 -0.331135
-0.179542 -0.357441
-0.131475 -0.377774
-0.080973 -0.391717
-0.028881 -0.398954
0.023911 -0.399283
0.076484 -0.392618
0.127905 -0.378997
0.177244 -0.358584
0.223592 -0.331669
0.266076 -0.298665
0.303878 -0.260107
0.336251 -0.216639
0.362535 -0.169011
0.382174 -0.118065
0.394724 -0.064721
0.399870 -0.009961
0.397433 0.045187
0.387376 0.099669
0.369811 0.152425
0.344997 0.202409
0.313344 0.248610
0.275402 0.290076
0.231859 0.325931
0.183526 0.355397
0.131328 0.377810
0.076283 0.392641
0.019489 0.399506
-0.037904 0.398179
-0.094711 0.388601
-0.149740 0.370887
-0.201813 0.345324
-0.249797 0.312371
-0.292627 0.272656
-0.329330 0.226960
-0.359048 0.176211
-0.381064 0.121461
-0.394816 0.063870
-0.399916 0.004679
-0.396164 -0.054814
-0.383554 -0.113279
-0.362280 -0.169392
-0.332738 -0.221856
-0.295519 -0.269438
-0.251402 -0.310996
-0.201339 -0.345510
-0.146435 -0.372106
-0.087929 -0.390085
-0.027165 -0.398936
0.034436 -0.398362
0.095410 -0.388283
0.154286 -0.368850
0.209619 -0.340443
0.260026 -0.303667
0.304225 -0.259345
0.341065 -0.208496
0.369562 -0.152322
0.388924 -0.092177
0.398580 -0.029535
0.398192 0.034042
0.387677 0.096944
0.367210 0.157551
0.337227 0.214279
0.298418 0.265620
0.251716 0.310185
0.198275 0.346739
0.139448 0.374243
0.076750 0.391884
0.011826 0.399100
-0.053595 0.395604
-0.117746 0.381394
-0.178865 0.356764
-0.235248 0.322296
-0.285298 0.278857
-0.327569 0.227575
-0.360813 0.169814
-0.384018 0.107142
-0.396442 0.041290
-0.397639 -0.025896
-0.387481 -0.092504
-0.366164 -0.156611
-0.334215 -0.216340
-0.292475 -0.269914
-0.242088 -0.315712
-0.184471 -0.352320
-0.121273 -0.378580
-0.054336 -0.393625
0.014360 -0.396915
0.082757 -0.388259
0.148773 -0.367827
0.210376 -0.336154
0.265638 -0.294127
0.312805 -0.242968
0.350352 -0.184199
0.377034 -0.119602
0.391935 -0.051167
0.394499 0.018971
0.384560 0.088592
0.362349 0.155465
0.328499 0.217421
0.284027 0.272424
0.230311 0.318637
0.169050 0.354492
0.102213 0.378746
0.031977 0.390525
-0.039340 0.389361
-0.109357 0.375219
-0.175711 0.348501
-0.236135 0.310043
-0.288542 0.261089
-0.331097 0.203262
-0.362285 0.138506
-0.380972 0.069030
-0.386450 -0.002771
-0.378469 -0.074395
-0.357253 -0.143321
-0.323498 -0.207101
-0.278357 -0.263445
-0.223403 -0.310312
-0.160581 -0.345984
-0.092135 -0.369137
-0.020538 -0.378892
0.051601 -0.374858
0.121634 -0.357149
0.186967 -0.326391
0.245166 -0.283702
0.294046 -0.230658
0.331760 -0.169237
0.356874 -0.101749
0.368426 -0.030751
0.365972 0.041050
0.349604 0.110901
0.319960 0.176109
0.278195 0.234150
0.225951 0.282771
0.165288 0.320079
0.098609 0.344628
0.028567 0.355472
-0.042044 0.352216
-0.110398 0.335033
-0.173756 0.304660
-0.229576 0.262375
-0.275624 0.209948
-0.310066 0.149567
-0.331550 0.083751
-0.339264 0.015246
-0.332974 -0.053092
-0.313036 -0.118416
-0.280384 -0.178011
-0.236492 -0.229415
-0.183311 -0.270519
-0.123184 -0.299669
-0.058749 -0.315732
0.007185 -0.318150
0.071753 -0.306964
0.132171 -0.282814
0.185852 -0.246908
0.230529 -0.200969
0.264353 -0.147153
0.285979 -0.087954
0.294624 -0.026084
0.290102 0.035648
0.272828 0.094470
0.243799 0.147776
0.204540 0.193241
0.157033 0.228939
0.103614 0.253420
0.046865 0.265782
-0.010517 0.265709
-0.065847 0.253475
-0.116582 0.229931
-0.160448 0.196451
-0.195541 0.154864
-0.220420 0.107352
-0.234169 0.056340
-0.236437 0.004372
-0.227445 -0.046017
-0.207964 -0.092435
-0.179266 -0.132742
-0.143053 -0.165161
-0.101355 -0.188358
-0.056425 -0.201504
-0.010610 -0.204302
0.033765 -0.196995
0.074528 -0.180335
0.109760 -0.155533
0.137900 -0.124181
0.157809 -0.088158
0.168827 -0.049515
0.170785 -0.010367
0.164006 0.027231
0.149266 0.061391
0.127736 0.090493
0.100902 0.113261
0.070474 0.128824
0.038273 0.136747
0.006132 0.137040
-0.024215 0.130138
-0.051226 0.116851
-0.073633 0.098311
-0.090499 0.075880
-0.101262 0.051063
-0.105744 0.025413
-0.104143 0.000432
-0.097003 -0.022514
-0.085156 -0.042272
-0.069657 -0.057958
-0.051706 -0.068999
-0.032559 -0.075143
-0.013452 -0.076460
0.004483 -0.073312
0.020279 -0.066309
0.033189 -0.056253
0.042715 -0.044071
0.048622 -0.030741
0.050937 -0.017222
0.049920 -0.004394
0.046028 0.007001
0.039869 0.016397
0.032136 0.023429
0.023558 0.027936
0.014838 0.029962
0.006601 0.029722
-0.000640 0.027573
-0.006518 0.023972
-0.010820 0.019423
-0.013489 0.014436
-0.014612 0.009479
-0.014388 0.004948
-0.013104 0.001135
-0.011093 -0.001777
-0.008697 -0.003725
-0.006233 -0.004748
-0.003963 -0.004972
-0.002078 -0.004583
-0.000683 -0.003797
0.000200 -0.002831
0.000619 -0.001873
0.000680 -0.001065
0.000519 -0.000486
0.000277 -0.000152
0.000077 -0.000020
0.000000 0.000000
