0.000000 0.000000
0.000010 -0.000006
0.000035 -0.000032
0.000057 -0.000090
0.000059 -0.000180
0.000021 -0.000295
-0.000075 -0.000419
-0.000239 -0.000527
-0.000471 -0.000590
-0.000759 -0.000578
-0.001080 -0.000463
-0.001401 -0.000225
-0.001679 0.000145
-0.001866 0.000642
-0.001915 0.001242
-0.001784 0.001909
-0.001442 0.002589
-0.000875 0.003218
-0.000086 0.003725
0.000897 0.004039
0.002027 0.004093
0.003233 0.003834
0.004429 0.003229
0.005517 0.002269
0.006393 0.000972
0.006957 -0.000612
0.007121 -0.002408
0.006817 -0.004310
0.006005 -0.006196
0.004678 -0.007929
0.002865 -0.009369
0.000635 -0.010382
-0.001909 -0.010851
-0.004630 -0.010685
-0.007366 -0.009830
-0.009942 -0.008272
-0.012175 -0.006044
-0.013891 -0.003224
-0.014937 0.000062
-0.015189 0.003650
-0.014566 0.007345
-0.013035 0.010930
-0.010620 0.014179
-0.007397 0.016874
-0.003501 0.018815
0.000888 0.019836
0.005546 0.019815
0.010223 0.018687
0.014652 0.016446
0.018566 0.013153
0.021716 0.008932
0.023883 0.003965
0.024892 -0.001511
0.024628 -0.007223
0.023039 -0.012871
0.020149 -0.018144
0.016050 -0.022743
0.010906 -0.026389
0.004945 -0.028849
-0.001555 -0.029940
-0.008275 -0.029550
-0.014873 -0.027641
-0.021006 -0.024252
-0.026340 -0.019504
-0.030575 -0.013590
-0.033459 -0.006770
-0.034802 0.000644
-0.034488 0.008298
-0.032480 0.015819
-0.028830 0.022832
-0.023668 0.028979
-0.017206 0.033934
-0.009723 0.037427
-0.001554 0.039252
0.006926 0.039282
0.015321 0.037471
0.023229 0.033866
0.030270 0.028598
0.036095 0.021879
0.040409 0.013992
0.042985 0.005282
0.043672 -0.003866
0.042406 -0.013042
0.039214 -0.021829
0.034208 -0.029822
0.027588 -0.036652
0.019626 -0.041996
0.010658 -0.045597
0.001068 -0.047274
-0.008732 -0.046929
-0.018315 -0.044555
-0.027263 -0.040233
-0.035182 -0.034130
-0.041724 -0.026490
-0.046595 -0.017626
-0.049576 -0.007905
-0.050526 0.002270
-0.049390 0.012476
-0.046200 0.022286
-0.041078 0.031290
-0.034223 0.039113
-0.025908 0.045426
-0.016465 0.049966
-0.006272 0.052540
0.004262 0.053037
0.014715 0.051429
0.024671 0.047775
0.033732 0.042214
0.041539 0.034962
0.047783 0.026300
0.052219 0.016565
0.054673 0.006133
0.055049 -0.004595
0.053331 -0.015205
0.049585 -0.025294
0.043955 -0.034480
0.036653 -0.042415
0.027956 -0.048804
0.018190 -0.053410
0.007718 -0.056065
-0.003072 -0.056676
-0.013783 -0.055223
-0.024026 -0.051765
-0.033429 -0.046433
-0.041656 -0.039425
-0.048417 -0.030996
-0.053474 -0.021452
-0.056655 -0.011137
-0.057855 -0.000415
-0.057040 0.010335
-0.054247 0.020739
-0.049581 0.030438
-0.043212 0.039101
-0.035366 0.046436
-0.026318 0.052199
-0.016381 0.056205
-0.005893 0.058328
0.004791 0.058506
0.015314 0.056745
0.025329 0.053114
0.034510 0.047744
0.042561 0.040822
0.049228 0.032582
0.054303 0.023299
0.057634 0.013277
0.059127 0.002843
0.058745 -0.007669
0.056514 -0.017927
0.052516 -0.027611
0.046890 -0.036421
0.039821 -0.044092
0.031538 -0.050394
0.022304 -0.055144
0.012407 -0.058209
0.002153 -0.059508
-0.008147 -0.059017
-0.018183 -0.056762
-0.027659 -0.052826
-0.036299 -0.047339
-0.043855 -0.040472
-0.050115 -0.032440
-0.054907 -0.023484
-0.058105 -0.013871
-0.059629 -0.003883
-0.059451 0.006192
-0.057589 0.016067
-0.054110 0.025466
-0.049125 0.034129
-0.042786 0.041820
-0.035280 0.048335
-0.026825 0.053505
-0.017659 0.057200
-0.008038 0.059331
0.001774 0.059856
0.011511 0.058775
0.020915 0.056129
0.029738 0.052005
0.037753 0.046523
0.044758 0.039839
0.050579 0.032139
0.055077 0.023631
0.058147 0.014540
0.059724 0.005106
0.059783 -0.004430
0.058335 -0.013826
0.055431 -0.022847
0.051157 -0.031273
0.045631 -0.038900
0.039002 -0.045548
0.031441 -0.051064
0.023142 -0.055325
0.014311 -0.058240
0.005165 -0.059752
-0.004075 -0.059839
-0.013189 -0.058511
-0.021965 -0.055814
-0.030200 -0.051825
-0.037710 -0.046648
-0.044327 -0.040415
-0.049910 -0.033278
-0.054341 -0.025408
-0.057532 -0.016992
-0.059424 -0.008222
-0.059987 0.000702
-0.059222 0.009580
-0.057159 0.018219
-0.053857 0.026431
-0.049399 0.034044
-0.043894 0.040898
-0.037469 0.046855
-0.030272 0.051798
-0.022461 0.055633
-0.014207 0.058290
-0.005686 0.059726
0.002923 0.059926
0.011442 0.058896
0.019699 0.056671
0.027529 0.053309
0.034779 0.048890
0.041310 0.043511
0.047001 0.037291
0.051749 0.030361
0.055471 0.022864
0.058106 0.014950
0.059615 0.006778
0.059980 -0.001494
0.059208 -0.009708
0.057326 -0.017710
0.054380 -0.025352
0.050438 -0.032496
0.045582 -0.039016
0.039911 -0.044800
0.033539 -0.049750
0.026587 -0.053788
0.019186 -0.056849
0.011473 -0.058893
0.003587 -0.059892
-0.004332 -0.059843
-0.012146 -0.058758
-0.019721 -0.056666
-0.026931 -0.053616
-0.033658 -0.049670
-0.039793 -0.044905
-0.045242 -0.039410
-0.049921 -0.033285
-0.053763 -0.026637
-0.056714 -0.019582
-0.058739 -0.012238
-0.059813 -0.004727
-0.059933 0.002829
-0.059107 0.010311
-0.057360 0.017602
-0.054729 0.024590
-0.051267 0.031172
-0.047036 0.037251
-0.042109 0.042741
-0.036570 0.047567
-0.030508 0.051665
-0.024021 0.054982
-0.017208 0.057479
-0.010174 0.059131
-0.003021 0.059924
0.004144 0.059857
0.011221 0.058941
0.018110 0.057202
0.024718 0.054672
0.030956 0.051398
0.036743 0.047434
0.042007 0.042842
0.046682 0.037693
0.050714 0.032064
0.054058 0.026034
0.056677 0.019689
0.058549 0.013116
0.059657 0.006403
0.059999 -0.000362
0.059579 -0.007093
0.058414 -0.013705
0.056527 -0.020116
0.053952 -0.026251
0.050730 -0.032038
0.046909 -0.037411
0.042542 -0.042310
0.037690 -0.046685
0.032417 -0.050489
0.026790 -0.053687
0.020879 -0.056250
0.014757 -0.058157
0.008496 -0.059395
0.002169 -0.059961
-0.004152 -0.059856
-0.010397 -0.059092
-0.016498 -0.057687
-0.022392 -0.055665
-0.028018 -0.053056
-0.033320 -0.049898
-0.038245 -0.046231
-0.042749 -0.042101
-0.046791 -0.037558
-0.050336 -0.032655
-0.053355 -0.027446
-0.055825 -0.021989
-0.057732 -0.016342
-0.059063 -0.010564
-0.059815 -0.004712
-0.059989 0.001155
-0.059593 0.006981
-0.058638 0.012711
-0.057143 0.018293
-0.055130 0.023678
-0.052626 0.028819
-0.049660 0.033673
-0.046267 0.038202
-0.042484 0.042369
-0.038350 0.046144
-0.033907 0.049500
-0.029199 0.052416
-0.024270 0.054872
-0.019164 0.056857
-0.013929 0.058361
-0.008608 0.059379
-0.003248 0.059912
0.002109 0.059963
0.007419 0.059540
0.012641 0.058653
0.017735 0.057319
0.022665 0.055554
0.027396 0.053380
0.031894 0.050821
0.036132 0.047901
0.040080 0.044649
0.043717 0.041095
0.047022 0.037269
0.049975 0.033203
0.052564 0.028932
0.054776 0.024487
0.056603 0.019903
0.058039 0.015214
0.059083 0.010452
0.059733 0.005652
0.059994 0.000845
0.059871 -0.003937
0.059371 -0.008664
0.058506 -0.013308
0.057286 -0.017840
0.055728 -0.022235
0.053846 -0.026468
0.051659 -0.030518
0.049185 -0.034364
0.046444 -0.037986
0.043458 -0.041369
0.040249 -0.044498
0.036838 -0.047360
0.033251 -0.049944
0.029508 -0.052242
0.025636 -0.054248
0.021655 -0.055956
0.017591 -0.057363
0.013466 -0.058469
0.009302 -0.059275
0.005122 -0.059781
0.000947 -0.059993
-0.003202 -0.059914
-0.007307 -0.059553
-0.011347 -0.058917
-0.015305 -0.058015
-0.019164 -0.056857
-0.022910 -0.055454
-0.026526 -0.053818
-0.030000 -0.051962
-0.033320 -0.049898
-0.036474 -0.047641
-0.039453 -0.045204
-0.042249 -0.042603
-0.044853 -0.039853
-0.047260 -0.036966
-0.049464 -0.033960
-0.051462 -0.030849
-0.053251 -0.027647
-0.054828 -0.024370
-0.056193 -0.021031
-0.057347 -0.017645
-0.058289 -0.014226
-0.059022 -0.010787
-0.059549 -0.007340
-0.059873 -0.003899
-0.059998 -0.000475
-0.059929 0.002920
-0.059671 0.006275
-0.059230 0.009582
-0.058612 0.012829
-0.057825 0.016008
-0.056875 0.019111
-0.055770 0.022130
-0.054517 0.025057
-0.053125 0.027888
-0.051601 0.030616
-0.049954 0.033235
-0.048193 0.035742
-0.046324 0.038132
-0.044358 0.040402
-0.042302 0.042550
-0.040165 0.044574
-0.037954 0.046470
-0.035678 0.048240
-0.033345 0.049881
-0.030962 0.051394
-0.028537 0.052779
-0.026078 0.054036
-0.023591 0.055167
-0.021084 0.056174
-0.018563 0.057056
-0.016033 0.057818
-0.013503 0.058461
-0.010976 0.058988
-0.008459 0.059401
-0.005956 0.059704
-0.003474 0.059899
-0.001015 0.059991
0.001415 0.059983
0.003813 0.059879
0.006174 0.059681
0.008496 0.059395
0.010775 0.059024
0.013009 0.058573
0.015195 0.058044
0.017331 0.057442
0.019415 0.056772
0.021444 0.056037
0.023418 0.055241
0.025335 0.054389
0.027194 0.053484
0.028994 0.052529
0.030736 0.051530
0.032417 0.050489
0.034038 0.049411
0.035599 0.048298
0.037100 0.047155
0.038541 0.045984
0.039923 0.044790
0.041246 0.043575
0.042510 0.042342
0.043717 0.041095
0.044868 0.039836
0.045963 0.038567
0.047003 0.037293
0.047990 0.036014
0.048924 0.034734
0.049808 0.033455
0.050641 0.032178
0.051427 0.030907
0.052166 0.029643
0.052859 0.028388
0.053509 0.027144
0.054116 0.025912
0.054683 0.024693
0.055210 0.023491
0.055700 0.022305
0.056154 0.021137
0.056573 0.019988
0.056959 0.018860
0.057313 0.017753
0.057638 0.016669
0.057934 0.015607
0.058204 0.014570
0.058448 0.013558
0.058668 0.012571
0.058866 0.011610
0.059043 0.010675
0.059200 0.009768
0.059338 0.008888
0.059459 0.008036
0.059565 0.007213
0.059656 0.006418
0.059733 0.005652
0.059798 0.004915
0.059852 0.004208
0.059896 0.003530
0.059931 0.002882
0.059957 0.002264
0.059977 0.001675
0.059990 0.001117
0.059997 0.000589
0.060000 0.000091
0.059999 -0.000377
0.059994 -0.000815
0.059988 -0.001223
0.059979 -0.001600
0.059968 -0.001947
0.059957 -0.002264
0.059946 -0.002550
0.059934 -0.002807
0.059923 -0.003033
0.059913 -0.003229
0.059904 -0.003395
0.059896 -0.003530
0.059890 -0.003636
0.059885 -0.003711
0.059882 -0.003756
0.059881 -0.003771
0.059882 -0.003756
0.059885 -0.003711
0.059890 -0.003636
0.059896 -0.003530
0.059904 -0.003395
0.059913 -0.003229
0.059923 -0.003033
0.059934 -0.002807
0.059946 -0.002550
0.059957 -0.002264
0.059968 -0.001947
0.059979 -0.001600
0.059988 -0.001223
0.059994 -0.000815
0.059999 -0.000377
0.060000 0.000091
0.059997 0.000589
0.059990 0.001117
0.059977 0.001675
0.059957 0.002264
0.059931 0.002882
0.059896 0.003530
0.059852 0.004208
0.059798 0.004915
0.059733 0.005652
0.059656 0.006418
0.059565 0.007213
0.059459 0.008036
0.059338 0.008888
0.059200 0.009768
0.059043 0.010675
0.058866 0.011610
0.058668 0.012571
0.058448 0.013558
0.058204 0.014570
0.057934 0.015607
0.057638 0.016669
0.057313 0.017753
0.056959 0.018860
0.056573 0.019988
0.056154 0.021137
0.055700 0.022305
0.055210 0.023491
0.054683 0.024693
0.054116 0.025912
0.053509 0.027144
0.052859 0.028388
0.052166 0.029643
0.051427 0.030907
0.050641 0.032178
0.049808 0.033455
0.048924 0.034734
0.047990 0.036014
0.047003 0.037293
0.045963 0.038567
0.044868 0.039836
0.043717 0.041095
0.042510 0.042342
0.041246 0.043575
0.039923 0.044790
0.038541 0.045984
0.037100 0.047155
0.035599 0.048298
0.034038 0.049411
0.032417 0.050489
0.030736 0.051530
0.028994 0.052529
0.027194 0.053484
0.025335 0.054389
0.023418 0.055241
0.021444 0.056037
0.019415 0.056772
0.017331 0.057442
0.015195 0.058044
0.013009 0.058573
0.010775 0.059024
0.008496 0.059395
0.006174 0.059681
0.003813 0.059879
0.001415 0.059983
-0.001015 0.059991
-0.003474 0.059899
-0.005956 0.059704
-0.008459 0.059401
-0.010976 0.058988
-0.013503 0.058461
-0.016033 0.057818
-0.018563 0.057056
-0.021084 0.056174
-0.023591 0.055167
-0.026078 0.054036
-0.028537 0.052779
-0.030962 0.051394
-0.033345 0.049881
-0.035678 0.048240
-0.037954 0.046470
-0.040165 0.044574
-0.042302 0.042550
-0.044358 0.040402
-0.046324 0.038132
-0.048193 0.035742
-0.049954 0.033235
-0.051601 0.030616
-0.053125 0.027888
-0.054517 0.025057
-0.055770 0.022130
-0.056875 0.019111
-0.057825 0.016008
-0.058612 0.012829
-0.059230 0.009582
-0.059671 0.006275
-0.059929 0.002920
-0.059998 -0.000475
-0.059873 -0.003899
-0.059549 -0.007340
-0.059022 -0.010787
-0.058289 -0.014226
-0.057347 -0.017645
-0.056193 -0.021031
-0.054828 -0.024370
-0.053251 -0.027647
-0.051462 -0.030849
-0.049464 -0.033960
-0.047260 -0.036966
-0.044853 -0.039853
-0.042249 -0.042603
-0.039453 -0.045204
-0.036474 -0.047641
-0.033320 -0.049898
-0.030000 -0.051962
-0.026526 -0.053818
-0.022910 -0.055454
-0.019164 -0.056857
-0.015305 -0.058015
-0.011347 -0.058917
-0.007307 -0.059553
-0.003202 -0.059914
0.000947 -0.059993
0.005122 -0.059781
0.009302 -0.059275
0.013466 -0.058469
0.017591 -0.057363
0.021655 -0.055956
0.025636 -0.054248
0.029508 -0.052242
0.033251 -0.049944
0.036838 -0.047360
0.040249 -0.044498
0.043458 -0.041369
0.046444 -0.037986
0.049185 -0.034364
0.051659 -0.030518
0.053846 -0.026468
0.055728 -0.022235
0.057286 -0.017840
0.058506 -0.013308
0.059371 -0.008664
0.059871 -0.003937
0.059994 0.000845
0.059733 0.005652
0.059083 0.010452
0.058039 0.015214
0.056603 0.019903
0.054776 0.024487
0.052564 0.028932
0.049975 0.033203
0.047022 0.037269
0.043717 0.041095
0.040080 0.044649
0.036132 0.047901
0.031894 0.050821
0.027396 0.053380
0.022665 0.055554
0.017735 0.057319
0.012641 0.058653
0.007419 0.059540
0.002109 0.059963
-0.003248 0.059912
-0.008608 0.059379
-0.013929 0.058361
-0.019164 0.056857
-0.024270 0.054872
-0.029199 0.052416
-0.033907 0.049500
-0.038350 0.046144
-0.042484 0.042369
-0.046267 0.038202
-0.049660 0.033673
-0.052626 0.028819
-0.055130 0.023678
-0.057143 0.018293
-0.058638 0.012711
-0.059593 0.006981
-0.059989 0.001155
-0.059815 -0.004712
-0.059063 -0.010564
-0.057732 -0.016342
-0.055825 -0.021989
-0.053355 -0.027446
-0.050336 -0.032655
-0.046791 -0.037558
-0.042749 -0.042101
-0.038245 -0.046231
-0.033320 -0.049898
-0.028018 -0.053056
-0.022392 -0.055665
-0.016498 -0.057687
-0.010397 -0.059092
-0.004152 -0.059856
0.002169 -0.059961
0.008496 -0.059395
0.014757 -0.058157
0.020879 -0.056250
0.026790 -0.053687
0.032417 -0.050489
0.037690 -0.046685
0.042542 -0.042310
0.046909 -0.037411
0.050730 -0.032038
0.053952 -0.026251
0.056527 -0.020116
0.058414 -0.013705
0.059579 -0.007093
0.059999 -0.000362
0.059657 0.006403
0.058549 0.013116
0.056677 0.019689
0.054058 0.026034
0.050714 0.032064
0.046682 0.037693
0.042007 0.042842
0.036743 0.047434
0.030956 0.051398
0.024718 0.054672
0.018110 0.057202
0.011221 0.058941
0.004144 0.059857
-0.003021 0.059924
-0.010174 0.059131
-0.017208 0.057479
-0.024021 0.054982
-0.030508 0.051665
-0.036570 0.047567
-0.042109 0.042741
-0.047036 0.037251
-0.051267 0.031172
-0.054729 0.024590
-0.057360 0.017602
-0.059107 0.010311
-0.059933 0.002829
-0.059813 -0.004727
-0.058739 -0.012238
-0.056714 -0.019582
-0.053763 -0.026638
-0.049921 -0.033285
-0.045242 -0.039410
-0.039793 -0.044905
-0.033658 -0.049670
-0.026931 -0.053616
-0.019721 -0.056666
-0.012146 -0.058758
-0.004332 -0.059843
0.003587 -0.059892
0.011473 -0.058893
0.019186 -0.056850
0.026587 -0.053788
0.033539 -0.049750
0.039911 -0.044800
0.045582 -0.039016
0.050438 -0.032496
0.054380 -0.025352
0.057326 -0.017710
0.059209 -0.009708
0.059980 -0.001494
0.059615 0.006778
0.058106 0.014950
0.055472 0.022864
0.051750 0.030361
0.047002 0.037292
0.041310 0.043511
0.034779 0.048890
0.027529 0.053310
0.019699 0.056672
0.011442 0.058896
0.002923 0.059926
-0.005686 0.059727
-0.014207 0.058290
-0.022461 0.055633
-0.030272 0.051799
-0.037470 0.046856
-0.043894 0.040898
-0.049399 0.034044
-0.053857 0.026432
-0.057160 0.018219
-0.059222 0.009580
-0.059987 0.000702
-0.059425 -0.008222
-0.057533 -0.016992
-0.054342 -0.025409
-0.049911 -0.033278
-0.044328 -0.040416
-0.037710 -0.046649
-0.030201 -0.051826
-0.021965 -0.055816
-0.013189 -0.058513
-0.004075 -0.059840
0.005165 -0.059754
0.014312 -0.058242
0.023143 -0.055327
0.031443 -0.051066
0.039004 -0.045550
0.045634 -0.038902
0.051160 -0.031274
0.055434 -0.022848
0.058339 -0.013827
0.059787 -0.004430
0.059729 0.005106
0.058152 0.014542
0.055082 0.023633
0.050584 0.032142
0.044763 0.039843
0.037757 0.046528
0.029741 0.052011
0.020917 0.056136
0.011513 0.058783
0.001774 0.059865
-0.008039 0.059341
-0.017662 0.057209
-0.026830 0.053515
-0.035287 0.048344
-0.042795 0.041829
-0.049135 0.034136
-0.054122 0.025472
-0.057603 0.016071
-0.059466 0.006193
-0.059646 -0.003884
-0.058122 -0.013876
-0.054925 -0.023492
-0.050132 -0.032451
-0.043871 -0.040487
-0.036313 -0.047357
-0.027671 -0.052848
-0.018191 -0.056787
-0.008150 -0.059044
0.002154 -0.059537
0.012414 -0.058239
0.022316 -0.055174
0.031556 -0.050423
0.039846 -0.044119
0.046921 -0.036445
0.052553 -0.027630
0.056555 -0.017940
0.058790 -0.007675
0.059175 0.002846
0.057684 0.013289
0.054352 0.023320
0.049275 0.032613
0.042604 0.040864
0.034547 0.047795
0.025358 0.053174
0.015332 0.056812
0.004797 0.058579
-0.005901 0.058404
-0.016404 0.056283
-0.026357 0.052275
-0.035420 0.046506
-0.043281 0.039163
-0.049664 0.030489
-0.054343 0.020776
-0.057146 0.010355
-0.057968 -0.000416
-0.056770 -0.011159
-0.053588 -0.021498
-0.048525 -0.031065
-0.041754 -0.039517
-0.033511 -0.046547
-0.024087 -0.051898
-0.013820 -0.055370
-0.003081 -0.056834
0.007740 -0.056229
0.018245 -0.053572
0.028045 -0.048959
0.036775 -0.042555
0.044107 -0.034599
0.049764 -0.025386
0.053531 -0.015262
0.055264 -0.004613
0.054896 0.006158
0.052441 0.016635
0.047994 0.026416
0.041729 0.035123
0.033893 0.042416
0.024793 0.048012
0.014791 0.051694
0.004285 0.053321
-0.006307 0.052832
-0.016560 0.050255
-0.026063 0.045699
-0.034436 0.039356
-0.041344 0.031492
-0.046510 0.022435
-0.049732 0.012563
-0.050890 0.002287
-0.049946 -0.007964
-0.046955 -0.017762
-0.042058 -0.026702
-0.035474 -0.034412
-0.027497 -0.040578
-0.018478 -0.044950
-0.008812 -0.047360
0.001078 -0.047722
0.010763 -0.046045
0.019826 -0.042422
0.027878 -0.037036
0.034579 -0.030145
0.039653 -0.022073
0.042897 -0.013193
0.044194 -0.003913
0.043515 0.005347
0.040924 0.014171
0.036570 0.022166
0.030681 0.028986
0.023555 0.034341
0.015542 0.038013
0.007030 0.039867
-0.001578 0.039856
-0.009877 0.038021
-0.017487 0.034490
-0.024067 0.029468
-0.029331 0.023230
-0.033063 0.016103
-0.035125 0.008451
-0.035466 0.000656
-0.034117 -0.006903
-0.031195 -0.013865
-0.026890 -0.019911
-0.021458 -0.024774
-0.015203 -0.028254
-0.008464 -0.030226
-0.001592 -0.030645
0.005065 -0.029549
0.011179 -0.027050
0.016464 -0.023330
0.020685 -0.018627
0.023671 -0.013224
0.025324 -0.007427
0.025618 -0.001555
0.024601 0.004085
0.022390 0.009209
0.019160 0.013574
0.015135 0.016989
0.010571 0.019324
0.005741 0.020512
0.000920 0.020556
-0.003632 0.019521
-0.007684 0.017528
-0.011045 0.014747
-0.013575 0.011382
-0.015189 0.007659
-0.015862 0.003812
-0.015621 0.000065
-0.014550 -0.003377
-0.012773 -0.006341
-0.010449 -0.008694
-0.007756 -0.010350
-0.004884 -0.011271
-0.002018 -0.011469
0.000672 -0.010997
0.003042 -0.009946
0.004978 -0.008438
0.006407 -0.006611
0.007293 -0.004611
0.007641 -0.002583
0.007488 -0.000659
0.006904 0.001050
0.005980 0.002460
0.004820 0.003514
0.003534 0.004190
0.002226 0.004494
0.000990 0.004458
-0.000096 0.004136
-0.000978 0.003596
-0.001623 0.002913
-0.002023 0.002165
-0.002192 0.001422
-0.002158 0.000742
-0.001966 0.000170
-0.001664 -0.000267
-0.001305 -0.000559
-0.000935 -0.000712
-0.000595 -0.000746
-0.000312 -0.000687
-0.000102 -0.000570
0.000030 -0.000425
0.000093 -0.000281
0.000102 -0.000160
0.000078 -0.000073
0.000042 -0.000023
0.000011 -0.000003
0.000000 0.000000
