0.000000 0.000000
0.000035 -0.000019
0.000115 -0.000108
0.000192 -0.000300
0.000198 -0.000600
0.000069 -0.000984
-0.000251 -0.001397
-0.000797 -0.001757
-0.001568 -0.001967
-0.002529 -0.001926
-0.003601 -0.001542
-0.004671 -0.000748
-0.005596 0.000485
-0.006219 0.002139
-0.006382 0.004140
-0.005946 0.006363
-0.004807 0.008630
-0.002917 0.010727
-0.000288 0.012418
0.002990 0.013462
0.006756 0.013642
0.010777 0.012780
0.014765 0.010764
0.018390 0.007564
0.021309 0.003241
0.023189 -0.002041
0.023736 -0.008026
0.022724 -0.014367
0.020018 -0.020654
0.015594 -0.026430
0.009551 -0.031229
0.002116 -0.034606
-0.006363 -0.036169
-0.015433 -0.035617
-0.024555 -0.032767
-0.033140 -0.027574
-0.040583 -0.020146
-0.046304 -0.010747
-0.049790 0.000207
-0.050630 0.012168
-0.048553 0.024484
-0.043452 0.036432
-0.035399 0.047264
-0.024658 0.056247
-0.011670 0.062717
0.002959 0.066119
0.018486 0.066051
0.034076 0.062289
0.048839 0.054821
0.061887 0.043844
0.072388 0.029772
0.079609 0.013218
0.082973 -0.005037
0.082092 -0.024077
0.076798 -0.042902
0.067163 -0.060481
0.053499 -0.075810
0.036354 -0.087965
0.016482 -0.096162
-0.005183 -0.099799
-0.027582 -0.098500
-0.049578 -0.092135
-0.070020 -0.080841
-0.087800 -0.065013
-0.101917 -0.045300
-0.111531 -0.022565
-0.116007 0.002145
-0.114958 0.027658
-0.108268 0.052730
-0.096099 0.076108
-0.078893 0.096596
-0.057353 0.113114
-0.032409 0.124758
-0.005179 0.130842
0.023088 0.130938
0.051069 0.124904
0.077432 0.112888
0.100900 0.095327
0.120317 0.072929
0.134698 0.046641
0.143283 0.017607
0.145572 -0.012888
0.141354 -0.043474
0.130712 -0.072762
0.114028 -0.099407
0.091961 -0.122173
0.065421 -0.139986
0.035528 -0.151990
0.003559 -0.157579
-0.029107 -0.156431
-0.061051 -0.148517
-0.090876 -0.134110
-0.117275 -0.113765
-0.139080 -0.088299
-0.155318 -0.058754
-0.165255 -0.026350
-0.168420 0.007568
-0.164632 0.041587
-0.154002 0.074286
-0.136928 0.104301
-0.114078 0.130376
-0.086360 0.151421
-0.054882 0.166554
-0.020906 0.175133
0.014207 0.176789
0.049052 0.171429
0.082236 0.159249
0.112439 0.140713
0.138462 0.116540
0.159277 0.087668
0.174064 0.055216
0.182244 0.020442
0.183495 -0.015316
0.177770 -0.050684
0.165285 -0.084315
0.146517 -0.114932
0.122178 -0.141383
0.093187 -0.162679
0.060632 -0.178033
0.025726 -0.186884
-0.010240 -0.188919
-0.045945 -0.184077
-0.080086 -0.172551
-0.111430 -0.154778
-0.138854 -0.131416
-0.161389 -0.103320
-0.178247 -0.071508
-0.188851 -0.037122
-0.192851 -0.001383
-0.190134 0.034451
-0.180823 0.069131
-0.165270 0.101460
-0.144040 0.130336
-0.117888 0.154785
-0.087728 0.173998
-0.054603 0.187351
-0.019644 0.194425
0.015969 0.195019
0.051046 0.189149
0.084430 0.177047
0.115033 0.159148
0.141870 0.136074
0.164092 0.108606
0.181010 0.077662
0.192114 0.044258
0.197089 0.009478
0.195816 -0.025564
0.188379 -0.059757
0.175055 -0.092036
0.156301 -0.121405
0.132737 -0.146973
0.105127 -0.167979
0.074346 -0.183813
0.041357 -0.194029
0.007177 -0.198361
-0.027156 -0.196722
-0.060610 -0.189208
-0.092198 -0.176088
-0.120998 -0.157795
-0.146185 -0.134908
-0.167051 -0.108133
-0.183024 -0.078281
-0.193682 -0.046238
-0.198764 -0.012944
-0.198169 0.020639
-0.191962 0.053558
-0.180365 0.084887
-0.163749 0.113763
-0.142620 0.139400
-0.117602 0.161118
-0.089416 0.178350
-0.058863 0.190666
-0.026794 0.197771
0.005912 0.199521
0.038370 0.195916
0.069715 0.187098
0.099126 0.173349
0.125844 0.155075
0.149194 0.132797
0.168598 0.107129
0.183589 0.078768
0.193823 0.048468
0.199081 0.017020
0.199276 -0.014766
0.194450 -0.046085
0.184770 -0.076157
0.170523 -0.104242
0.152104 -0.129666
0.130007 -0.151826
0.104805 -0.170214
0.077140 -0.184417
0.047703 -0.194134
0.017217 -0.199174
-0.013582 -0.199462
-0.043963 -0.195037
-0.073215 -0.186048
-0.100667 -0.172750
-0.125698 -0.155494
-0.147757 -0.134716
-0.166366 -0.110926
-0.181137 -0.084694
-0.191774 -0.056639
-0.198079 -0.027406
-0.199955 0.002339
-0.197405 0.031934
-0.190530 0.060730
-0.179522 0.088105
-0.164663 0.113479
-0.146312 0.136327
-0.124898 0.156184
-0.100906 0.172661
-0.074869 0.185442
-0.047355 0.194299
-0.018952 0.199088
0.009744 0.199752
0.038141 0.196320
0.065664 0.188904
0.091763 0.177698
0.115929 0.162965
0.137701 0.145038
0.156672 0.124305
0.172498 0.101204
0.184905 0.076212
0.193687 0.049834
0.198716 0.022593
0.199935 -0.004981
0.197362 -0.032361
0.191086 -0.059033
0.181267 -0.084506
0.168125 -0.108319
0.151939 -0.130053
0.133038 -0.149333
0.111796 -0.165834
0.088622 -0.179292
0.063952 -0.189498
0.038242 -0.196309
0.011955 -0.199641
-0.014441 -0.199477
-0.040486 -0.195858
-0.065737 -0.188887
-0.089771 -0.178720
-0.112193 -0.165568
-0.132644 -0.149684
-0.150805 -0.131368
-0.166403 -0.110950
-0.179209 -0.088792
-0.189048 -0.065274
-0.195795 -0.040794
-0.199378 -0.015758
-0.199777 0.009431
-0.197024 0.034370
-0.191200 0.058673
-0.182432 0.081967
-0.170890 0.103906
-0.156785 0.124170
-0.140363 0.142471
-0.121899 0.158558
-0.101695 0.172216
-0.080070 0.183272
-0.057361 0.191598
-0.033912 0.197104
-0.010071 0.199746
0.013813 0.199522
0.037402 0.196472
0.060366 0.190672
0.082392 0.182240
0.103185 0.171326
0.122477 0.158112
0.140023 0.142806
0.155607 0.125644
0.169047 0.106878
0.180192 0.086780
0.188925 0.065631
0.195163 0.043721
0.198858 0.021343
0.199996 -0.001208
0.198598 -0.023643
0.194713 -0.045682
0.188424 -0.067055
0.179841 -0.087505
0.169101 -0.106793
0.156363 -0.124702
0.141808 -0.141034
0.125634 -0.155615
0.108056 -0.168297
0.089299 -0.178957
0.069596 -0.187500
0.049190 -0.193857
0.028320 -0.197985
0.007231 -0.199869
-0.013838 -0.199521
-0.034655 -0.196975
-0.054994 -0.192290
-0.074641 -0.185550
-0.093394 -0.176855
-0.111066 -0.166326
-0.127485 -0.154103
-0.142498 -0.140337
-0.155970 -0.125193
-0.167785 -0.108849
-0.177849 -0.091487
-0.186085 -0.073297
-0.192438 -0.054474
-0.196876 -0.035213
-0.199382 -0.015707
-0.199963 0.003849
-0.198642 0.023269
-0.195461 0.042369
-0.190478 0.060977
-0.183768 0.078927
-0.175419 0.096064
-0.165533 0.112245
-0.154223 0.127339
-0.141612 0.141230
-0.127833 0.153814
-0.113025 0.165001
-0.097330 0.174719
-0.080899 0.182908
-0.063881 0.189524
-0.046429 0.194536
-0.028694 0.197931
-0.010825 0.199707
0.007030 0.199876
0.024730 0.198465
0.042136 0.195511
0.059118 0.191063
0.075551 0.185181
0.091319 0.177935
0.106314 0.169403
0.120438 0.159670
0.133602 0.148831
0.145725 0.136983
0.156739 0.124230
0.166584 0.110678
0.175213 0.096439
0.182586 0.081623
0.188676 0.066343
0.193464 0.050712
0.196942 0.034841
0.199111 0.018840
0.199980 0.002818
0.199569 -0.013123
0.197904 -0.028881
0.195019 -0.044359
0.190955 -0.059466
0.185760 -0.074116
0.179488 -0.088228
0.172196 -0.101727
0.163949 -0.114545
0.154814 -0.126620
0.144860 -0.137897
0.134162 -0.148326
0.122795 -0.157865
0.110835 -0.166480
0.098362 -0.174141
0.085452 -0.180826
0.072184 -0.186519
0.058637 -0.191211
0.044886 -0.194898
0.031007 -0.197582
0.017074 -0.199270
0.003157 -0.199975
-0.010674 -0.199715
-0.024355 -0.198512
-0.037822 -0.196391
-0.051016 -0.193384
-0.063881 -0.189524
-0.076365 -0.184847
-0.088420 -0.179393
-0.100000 -0.173205
-0.111066 -0.166326
-0.121580 -0.158803
-0.131511 -0.150682
-0.140829 -0.142012
-0.149509 -0.132842
-0.157532 -0.123221
-0.164880 -0.113201
-0.171540 -0.102830
-0.177502 -0.092157
-0.182760 -0.081232
-0.187311 -0.070103
-0.191156 -0.058817
-0.194297 -0.047420
-0.196741 -0.035955
-0.198498 -0.024468
-0.199577 -0.012997
-0.199994 -0.001585
-0.199763 0.009732
-0.198903 0.020918
-0.197433 0.031939
-0.195375 0.042763
-0.192750 0.053360
-0.189584 0.063702
-0.185900 0.073765
-0.181724 0.083525
-0.177083 0.092960
-0.172004 0.102052
-0.166515 0.110783
-0.160642 0.119139
-0.154415 0.127106
-0.147861 0.134675
-0.141007 0.141834
-0.133882 0.148578
-0.126513 0.154901
-0.118927 0.160799
-0.111149 0.166270
-0.103207 0.171313
-0.095125 0.175930
-0.086927 0.180121
-0.078638 0.183891
-0.070280 0.187245
-0.061875 0.190188
-0.053445 0.192727
-0.045009 0.194870
-0.036586 0.196625
-0.028196 0.198003
-0.019855 0.199012
-0.011579 0.199665
-0.003384 0.199971
0.004717 0.199944
0.012709 0.199596
0.020580 0.198938
0.028320 0.197985
0.035918 0.196748
0.043365 0.195242
0.050651 0.193480
0.057770 0.191475
0.064715 0.189240
0.071480 0.186790
0.078059 0.184138
0.084450 0.181296
0.090647 0.178278
0.096648 0.175097
0.102452 0.171766
0.108056 0.168297
0.113460 0.164702
0.118664 0.160994
0.123667 0.157183
0.128471 0.153282
0.133077 0.149300
0.137486 0.145250
0.141701 0.141141
0.145725 0.136983
0.149560 0.132785
0.153209 0.128558
0.156676 0.124308
0.159965 0.120046
0.163080 0.115779
0.166025 0.111515
0.168805 0.107261
0.171424 0.103024
0.173887 0.098810
0.176198 0.094627
0.178364 0.090479
0.180388 0.086372
0.182277 0.082311
0.184035 0.078303
0.185667 0.074349
0.187179 0.070457
0.188575 0.066628
0.189862 0.062867
0.191045 0.059178
0.192127 0.055563
0.193115 0.052025
0.194013 0.048567
0.194827 0.045192
0.195561 0.041902
0.196220 0.038699
0.196809 0.035584
0.197332 0.032560
0.197793 0.029627
0.198198 0.026788
0.198550 0.024043
0.198853 0.021394
0.199111 0.018840
0.199328 0.016385
0.199508 0.014027
0.199654 0.011767
0.199769 0.009607
0.199858 0.007546
0.199922 0.005584
0.199965 0.003723
0.199990 0.001962
0.200000 0.000302
0.199996 -0.001258
0.199982 -0.002717
0.199958 -0.004075
0.199929 -0.005333
0.199895 -0.006490
0.199858 -0.007546
0.199819 -0.008501
0.199781 -0.009355
0.199744 -0.010109
0.199710 -0.010762
0.199680 -0.011315
0.199654 -0.011767
0.199633 -0.012119
0.199617 -0.012370
0.199608 -0.012520
0.199605 -0.012571
0.199608 -0.012520
0.199617 -0.012370
0.199633 -0.012119
0.199654 -0.011767
0.199680 -0.011315
0.199710 -0.010762
0.199744 -0.010109
0.199781 -0.009355
0.199819 -0.008501
0.199858 -0.007546
0.199895 -0.006490
0.199929 -0.005333
0.199958 -0.004075
0.199982 -0.002717
0.199996 -0.001258
0.200000 0.000302
0.199990 0.001962
0.199965 0.003723
0.199922 0.005584
0.199858 0.007546
0.199769 0.009607
0.199654 0.011767
0.199508 0.014027
0.199328 0.016385
0.199111 0.018840
0.198853 0.021394
0.198550 0.024043
0.198198 0.026788
0.197793 0.029627
0.197332 0.032560
0.196809 0.035584
0.196220 0.038699
0.195561 0.041902
0.194827 0.045192
0.194013 0.048567
0.193115 0.052025
0.192127 0.055563
0.191045 0.059178
0.189862 0.062867
0.188575 0.066628
0.187179 0.070457
0.185667 0.074349
0.184035 0.078303
0.182277 0.082311
0.180388 0.086372
0.178364 0.090479
0.176198 0.094627
0.173887 0.098810
0.171424 0.103024
0.168805 0.107261
0.166025 0.111515
0.163080 0.115779
0.159965 0.120046
0.156676 0.124308
0.153209 0.128558
0.149560 0.132785
0.145725 0.136983
0.141701 0.141141
0.137486 0.145250
0.133077 0.149300
0.128471 0.153282
0.123667 0.157183
0.118664 0.160994
0.113460 0.164702
0.108056 0.168297
0.102452 0.171766
0.096648 0.175097
0.090647 0.178278
0.084450 0.181296
0.078059 0.184138
0.071480 0.186790
0.064715 0.189240
0.057770 0.191475
0.050651 0.193480
0.043365 0.195242
0.035918 0.196748
0.028320 0.197985
0.020580 0.198938
0.012709 0.199596
0.004717 0.199944
-0.003384 0.199971
-0.011579 0.199665
-0.019855 0.199012
-0.028196 0.198003
-0.036586 0.196625
-0.045009 0.194870
-0.053445 0.192727
-0.061875 0.190188
-0.070280 0.187245
-0.078638 0.183891
-0.086927 0.180121
-0.095125 0.175930
-0.103207 0.171313
-0.111149 0.166270
-0.118927 0.160799
-0.126513 0.154901
-0.133882 0.148578
-0.141007 0.141834
-0.147861 0.134675
-0.154415 0.127106
-0.160642 0.119139
-0.166515 0.110783
-0.172004 0.102052
-0.177083 0.092960
-0.181724 0.083525
-0.185900 0.073765
-0.189584 0.063702
-0.192750 0.053360
-0.195375 0.042763
-0.197433 0.031939
-0.198903 0.020918
-0.199763 0.009732
-0.199994 -0.001585
-0.199577 -0.012997
-0.198498 -0.024468
-0.196741 -0.035955
-0.194297 -0.047420
-0.191156 -0.058817
-0.187311 -0.070103
-0.182760 -0.081232
-0.177502 -0.092157
-0.171540 -0.102830
-0.164880 -0.113201
-0.157532 -0.123221
-0.149509 -0.132842
-0.140829 -0.142012
-0.131511 -0.150682
-0.121580 -0.158803
-0.111066 -0.166326
-0.100000 -0.173205
-0.088420 -0.179393
-0.076365 -0.184847
-0.063881 -0.189524
-0.051016 -0.193384
-0.037822 -0.196391
-0.024355 -0.198512
-0.010674 -0.199715
0.003157 -0.199975
0.017074 -0.199270
0.031007 -0.197582
0.044886 -0.194898
0.058637 -0.191211
0.072184 -0.186519
0.085452 -0.180826
0.098362 -0.174141
0.110835 -0.166480
0.122795 -0.157865
0.134162 -0.148326
0.144860 -0.137897
0.154814 -0.126620
0.163949 -0.114545
0.172196 -0.101727
0.179488 -0.088228
0.185760 -0.074116
0.190955 -0.059466
0.195019 -0.044359
0.197904 -0.028881
0.199569 -0.013123
0.199980 0.002818
0.199111 0.018840
0.196942 0.034841
0.193464 0.050712
0.188676 0.066343
0.182586 0.081623
0.175213 0.096439
0.166584 0.110678
0.156739 0.124230
0.145725 0.136983
0.133602 0.148831
0.120438 0.159670
0.106314 0.169403
0.091319 0.177935
0.075551 0.185181
0.059118 0.191063
0.042136 0.195511
0.024730 0.198465
0.007030 0.199876
-0.010825 0.199707
-0.028694 0.197931
-0.046429 0.194536
-0.063881 0.189524
-0.080899 0.182908
-0.097330 0.174719
-0.113025 0.165001
-0.127833 0.153814
-0.141612 0.141230
-0.154223 0.127339
-0.165533 0.112245
-0.175419 0.096064
-0.183768 0.078927
-0.190478 0.060977
-0.195461 0.042369
-0.198642 0.023269
-0.199963 0.003849
-0.199382 -0.015707
-0.196876 -0.035213
-0.192438 -0.054474
-0.186085 -0.073297
-0.177849 -0.091487
-0.167785 -0.108849
-0.155970 -0.125193
-0.142498 -0.140337
-0.127485 -0.154103
-0.111066 -0.166326
-0.093394 -0.176855
-0.074641 -0.185550
-0.054994 -0.192290
-0.034655 -0.196975
-0.013838 -0.199521
0.007231 -0.199869
0.028320 -0.197985
0.049190 -0.193857
0.069596 -0.187500
0.089299 -0.178957
0.108056 -0.168297
0.125634 -0.155615
0.141808 -0.141034
0.156363 -0.124702
0.169101 -0.106793
0.179841 -0.087505
0.188424 -0.067055
0.194713 -0.045682
0.198598 -0.023643
0.199996 -0.001208
0.198858 0.021343
0.195163 0.043721
0.188925 0.065631
0.180192 0.086780
0.169047 0.106878
0.155607 0.125644
0.140023 0.142806
0.122477 0.158112
0.103185 0.171326
0.082392 0.182240
0.060366 0.190672
0.037402 0.196472
0.013813 0.199522
-0.010071 0.199746
-0.033912 0.197104
-0.057361 0.191598
-0.080070 0.183272
-0.101695 0.172216
-0.121899 0.158558
-0.140363 0.142471
-0.156785 0.124170
-0.170890 0.103906
-0.182432 0.081967
-0.191200 0.058673
-0.197024 0.034370
-0.199777 0.009431
-0.199378 -0.015758
-0.195795 -0.040794
-0.189048 -0.065274
-0.179209 -0.088792
-0.166403 -0.110950
-0.150805 -0.131368
-0.132644 -0.149684
-0.112193 -0.165568
-0.089771 -0.178720
-0.065737 -0.188887
-0.040486 -0.195859
-0.014441 -0.199477
0.011955 -0.199641
0.038242 -0.196309
0.063952 -0.189498
0.088622 -0.179292
0.111796 -0.165834
0.133038 -0.149333
0.151939 -0.130053
0.168125 -0.108319
0.181268 -0.084506
0.191087 -0.059033
0.197362 -0.032361
0.199935 -0.004981
0.198716 0.022593
0.193688 0.049834
0.184905 0.076212
0.172499 0.101204
0.156672 0.124305
0.137701 0.145038
0.115929 0.162966
0.091763 0.177698
0.065664 0.188905
0.038142 0.196320
0.009744 0.199753
-0.018952 0.199089
-0.047356 0.194301
-0.074870 0.185444
-0.100906 0.172662
-0.124899 0.156186
-0.146314 0.136328
-0.164665 0.113480
-0.179524 0.088106
-0.190532 0.060731
-0.197408 0.031935
-0.199958 0.002339
-0.198082 -0.027407
-0.191777 -0.056640
-0.181140 -0.084696
-0.166369 -0.110928
-0.147760 -0.134719
-0.125701 -0.155498
-0.100669 -0.172755
-0.073217 -0.186053
-0.043964 -0.195042
-0.013583 -0.199468
0.017218 -0.199181
0.047705 -0.194141
0.077143 -0.184425
0.104810 -0.170221
0.130013 -0.151834
0.152112 -0.129672
0.170532 -0.104248
0.184781 -0.076161
0.194462 -0.046088
0.199290 -0.014767
0.199096 0.017021
0.193838 0.048472
0.183605 0.078775
0.168614 0.107139
0.149209 0.132810
0.125858 0.155092
0.099138 0.173369
0.069724 0.187121
0.038375 0.195942
0.005913 0.199550
-0.026798 0.197802
-0.058873 0.190697
-0.089432 0.178382
-0.117624 0.161148
-0.142649 0.139429
-0.163785 0.113787
-0.180407 0.084907
-0.192009 0.053571
-0.198221 0.020645
-0.198820 -0.012948
-0.193740 -0.046252
-0.183082 -0.078306
-0.167107 -0.108170
-0.146237 -0.134957
-0.121044 -0.157856
-0.092235 -0.176160
-0.060637 -0.189290
-0.027168 -0.196813
0.007180 -0.198458
0.041378 -0.194129
0.074387 -0.183914
0.105188 -0.168077
0.132819 -0.147063
0.156403 -0.121484
0.175176 -0.092099
0.188517 -0.059801
0.195967 -0.025583
0.197250 0.009485
0.192280 0.044296
0.181175 0.077733
0.164250 0.108711
0.142014 0.136212
0.115156 0.159318
0.084525 0.177246
0.051106 0.189373
0.015989 0.195262
-0.019670 0.194681
-0.054678 0.187610
-0.087855 0.174251
-0.118068 0.155021
-0.144271 0.130545
-0.165548 0.101631
-0.181142 0.069253
-0.190486 0.034515
-0.193225 -0.001385
-0.189235 -0.037197
-0.178626 -0.071661
-0.161749 -0.103550
-0.139178 -0.131722
-0.111702 -0.155156
-0.080290 -0.172992
-0.046067 -0.184568
-0.010269 -0.189446
0.025801 -0.187429
0.060817 -0.178574
0.093483 -0.163196
0.122583 -0.141851
0.147023 -0.115329
0.165880 -0.084619
0.178437 -0.050875
0.184213 -0.015375
0.182986 0.020525
0.174802 0.055451
0.159980 0.088055
0.139098 0.117075
0.112976 0.141385
0.082644 0.160040
0.049305 0.172314
0.014283 0.177736
-0.021022 0.176108
-0.055199 0.167516
-0.086878 0.152330
-0.114788 0.131188
-0.137812 0.104974
-0.155033 0.074783
-0.165775 0.041875
-0.169632 0.007623
-0.166487 -0.026546
-0.156518 -0.059208
-0.140192 -0.089006
-0.118246 -0.114707
-0.091655 -0.135260
-0.061592 -0.149835
-0.029374 -0.157866
0.003592 -0.159075
0.035877 -0.153482
0.066085 -0.141407
0.092926 -0.123454
0.115264 -0.100484
0.132177 -0.073577
0.142990 -0.043977
0.147312 -0.013042
0.145051 0.017824
0.136414 0.047235
0.121899 0.073888
0.102270 0.096621
0.078516 0.114469
0.051807 0.126710
0.023432 0.132891
-0.005259 0.132854
-0.032923 0.126737
-0.058291 0.114965
-0.080224 0.098226
-0.097771 0.077432
-0.110210 0.053676
-0.117085 0.028170
-0.118219 0.002186
-0.113723 -0.023009
-0.103982 -0.046217
-0.089633 -0.066371
-0.071527 -0.082580
-0.050678 -0.094179
-0.028212 -0.100752
-0.005305 -0.102151
0.016883 -0.098497
0.037264 -0.090167
0.054880 -0.077766
0.068950 -0.062091
0.078905 -0.044079
0.084413 -0.024758
0.085392 -0.005184
0.082003 0.013615
0.074633 0.030696
0.063868 0.045247
0.050451 0.056630
0.035237 0.064412
0.019137 0.068373
0.003066 0.068520
-0.012107 0.065069
-0.025613 0.058426
-0.036816 0.049156
-0.045250 0.037940
-0.050631 0.025532
-0.052872 0.012707
-0.052072 0.000216
-0.048501 -0.011257
-0.042578 -0.021136
-0.034829 -0.028979
-0.025853 -0.034499
-0.016280 -0.037572
-0.006726 -0.038230
0.002241 -0.036656
0.010140 -0.033154
0.016595 -0.028127
0.021357 -0.022036
0.024311 -0.015370
0.025468 -0.008611
0.024960 -0.002197
0.023014 0.003501
0.019934 0.008199
0.016068 0.011714
0.011779 0.013968
0.007419 0.014981
0.003301 0.014861
-0.000320 0.013787
-0.003259 0.011986
-0.005410 0.009711
-0.006745 0.007218
-0.007306 0.004740
-0.007194 0.002474
-0.006552 0.000568
-0.005546 -0.000889
-0.004349 -0.001862
-0.003116 -0.002374
-0.001982 -0.002486
-0.001039 -0.002291
-0.000341 -0.001899
0.000100 -0.001416
0.000310 -0.000937
0.000340 -0.000533
0.000260 -0.000243
0.000139 -0.000076
0.000038 -0.000010
0.000000 0.000000
