0.000000 0.000000
0.000017 -0.000010
0.000058 -0.000054
0.000096 -0.000150
0.000099 -0.000300
0.000035 -0.000492
-0.000126 -0.000698
-0.000398 -0.000878
-0.000784 -0.000984
-0.001264 -0.000963
-0.001801 -0.000771
-0.002335 -0.000374
-0.002798 0.000242
-0.003110 0.001069
-0.003191 0.002070
-0.002973 0.003181
-0.002404 0.004315
-0.001458 0.005364
-0.000144 0.006209
0.001495 0.006731
0.003378 0.006821
0.005389 0.006390
0.007382 0.005382
0.009195 0.003782
0.010655 0.001621
0.011595 -0.001021
0.011868 -0.004013
0.011362 -0.007184
0.010009 -0.010327
0.007797 -0.013215
0.004776 -0.015615
0.001058 -0.017303
-0.003182 -0.018084
-0.007716 -0.017809
-0.012277 -0.016384
-0.016570 -0.013787
-0.020292 -0.010073
-0.023152 -0.005373
-0.024895 0.000103
-0.025315 0.006084
-0.024277 0.012242
-0.021726 0.018216
-0.017700 0.023632
-0.012329 0.028123
-0.005835 0.031358
0.001479 0.033060
0.009243 0.033025
0.017038 0.031145
0.024419 0.027410
0.030944 0.021922
0.036194 0.014886
0.039804 0.006609
0.041486 -0.002518
0.041046 -0.012038
0.038399 -0.021451
0.033581 -0.030241
0.026750 -0.037905
0.018177 -0.043982
0.008241 -0.048081
-0.002592 -0.049900
-0.013791 -0.049250
-0.024789 -0.046068
-0.035010 -0.040420
-0.043900 -0.032507
-0.050959 -0.022650
-0.055765 -0.011283
-0.058003 0.001073
-0.057479 0.013829
-0.054134 0.026365
-0.048049 0.038054
-0.039446 0.048298
-0.028676 0.056557
-0.016205 0.062379
-0.002589 0.065421
0.011544 0.065469
0.025534 0.062452
0.038716 0.056444
0.050450 0.047663
0.060158 0.036464
0.067349 0.023320
0.071641 0.008803
0.072786 -0.006444
0.070677 -0.021737
0.065356 -0.036381
0.057014 -0.049703
0.045981 -0.061086
0.032711 -0.069993
0.017764 -0.075995
0.001779 -0.078790
-0.014554 -0.078215
-0.030525 -0.074259
-0.045438 -0.067055
-0.058637 -0.056883
-0.069540 -0.044150
-0.077659 -0.029377
-0.082627 -0.013175
-0.084210 0.003784
-0.082316 0.020793
-0.077001 0.037143
-0.068464 0.052150
-0.057039 0.065188
-0.043180 0.075711
-0.027441 0.083277
-0.010453 0.087567
0.007104 0.088394
0.024526 0.085715
0.041118 0.079625
0.056219 0.070357
0.069231 0.058270
0.079638 0.043834
0.087032 0.027608
0.091122 0.010221
0.091748 -0.007658
0.088885 -0.025342
0.082642 -0.042157
0.073258 -0.057466
0.061089 -0.070691
0.046594 -0.081339
0.030316 -0.089016
0.012863 -0.093442
-0.005120 -0.094459
-0.022972 -0.092038
-0.040043 -0.086276
-0.055715 -0.077389
-0.069427 -0.065708
-0.080695 -0.051660
-0.089123 -0.035754
-0.094425 -0.018561
-0.096425 -0.000691
-0.095067 0.017226
-0.090412 0.034566
-0.082635 0.050730
-0.072020 0.065168
-0.058944 0.077393
-0.043864 0.086999
-0.027302 0.093675
-0.009822 0.097213
0.007984 0.097510
0.025523 0.094574
0.042215 0.088523
0.057516 0.079574
0.070935 0.068037
0.082046 0.054303
0.090505 0.038831
0.096057 0.022129
0.098544 0.004739
0.097908 -0.012782
0.094190 -0.029879
0.087527 -0.046018
0.078150 -0.060702
0.066369 -0.073486
0.052563 -0.083990
0.037173 -0.091906
0.020678 -0.097014
0.003588 -0.099180
-0.013578 -0.098361
-0.030305 -0.094604
-0.046099 -0.088044
-0.060499 -0.078898
-0.073092 -0.067454
-0.083525 -0.054067
-0.091512 -0.039140
-0.096841 -0.023119
-0.099382 -0.006472
-0.099084 0.010320
-0.095981 0.026779
-0.090183 0.042444
-0.081875 0.056881
-0.071310 0.069700
-0.058801 0.080559
-0.044708 0.089175
-0.029432 0.095333
-0.013397 0.098886
0.002956 0.099761
0.019185 0.097958
0.034858 0.093549
0.049563 0.086675
0.062922 0.077538
0.074597 0.066398
0.084299 0.053565
0.091795 0.039384
0.096911 0.024234
0.099540 0.008510
0.099638 -0.007383
0.097225 -0.023043
0.092385 -0.038078
0.085261 -0.052121
0.076052 -0.064833
0.065003 -0.075913
0.052402 -0.085107
0.038570 -0.092209
0.023852 -0.097067
0.008609 -0.099587
-0.006791 -0.099731
-0.021982 -0.097518
-0.036608 -0.093024
-0.050333 -0.086375
-0.062849 -0.077747
-0.073878 -0.067358
-0.083183 -0.055463
-0.090568 -0.042347
-0.095887 -0.028319
-0.099040 -0.013703
-0.099978 0.001170
-0.098703 0.015967
-0.095265 0.030365
-0.089761 0.044052
-0.082332 0.056740
-0.073156 0.068163
-0.062449 0.078092
-0.050453 0.086330
-0.037435 0.092721
-0.023678 0.097150
-0.009476 0.099544
0.004872 0.099876
0.019071 0.098160
0.032832 0.094452
0.045881 0.088849
0.057964 0.081483
0.068850 0.072519
0.078336 0.062152
0.086249 0.050602
0.092452 0.038106
0.096844 0.024917
0.099358 0.011297
0.099967 -0.002490
0.098681 -0.016180
0.095543 -0.029516
0.090634 -0.042253
0.084063 -0.054160
0.075969 -0.065027
0.066519 -0.074666
0.055898 -0.082917
0.044311 -0.089646
0.031976 -0.094749
0.019121 -0.098154
0.005978 -0.099821
-0.007220 -0.099739
-0.020243 -0.097929
-0.032869 -0.094444
-0.044885 -0.089360
-0.056096 -0.082784
-0.066322 -0.074842
-0.075403 -0.065684
-0.083201 -0.055475
-0.089605 -0.044396
-0.094524 -0.032637
-0.097898 -0.020397
-0.099689 -0.007879
-0.099889 0.004715
-0.098512 0.017185
-0.095600 0.029336
-0.091216 0.040984
-0.085445 0.051953
-0.078393 0.062085
-0.070182 0.071236
-0.060950 0.079279
-0.050847 0.086108
-0.040035 0.091636
-0.028680 0.095799
-0.016956 0.098552
-0.005036 0.099873
0.006907 0.099761
0.018701 0.098236
0.030183 0.095336
0.041196 0.091120
0.051593 0.085663
0.061239 0.079056
0.070011 0.071403
0.077804 0.062822
0.084524 0.053439
0.090096 0.043390
0.094462 0.032815
0.097581 0.021860
0.099429 0.010672
0.099998 -0.000604
0.099299 -0.011822
0.097356 -0.022841
0.094212 -0.033527
0.089921 -0.043752
0.084551 -0.053397
0.078181 -0.062351
0.070904 -0.070517
0.062817 -0.077808
0.054028 -0.084149
0.044649 -0.089479
0.034798 -0.093750
0.024595 -0.096928
0.014160 -0.098992
0.003616 -0.099935
-0.006919 -0.099760
-0.017328 -0.098487
-0.027497 -0.096145
-0.037321 -0.092775
-0.046697 -0.088427
-0.055533 -0.083163
-0.063742 -0.077051
-0.071249 -0.070168
-0.077985 -0.062597
-0.083893 -0.054424
-0.088924 -0.045743
-0.093042 -0.036649
-0.096219 -0.027237
-0.098438 -0.017606
-0.099691 -0.007854
-0.099981 0.001924
-0.099321 0.011634
-0.097730 0.021185
-0.095239 0.030489
-0.091884 0.039464
-0.087709 0.048032
-0.082766 0.056122
-0.077111 0.063670
-0.070806 0.070615
-0.063917 0.076907
-0.056512 0.082501
-0.048665 0.087360
-0.040449 0.091454
-0.031941 0.094762
-0.023215 0.097268
-0.014347 0.098965
-0.005413 0.099853
0.003515 0.099938
0.012365 0.099233
0.021068 0.097756
0.029559 0.095532
0.037775 0.092591
0.045659 0.088967
0.053157 0.084701
0.060219 0.079835
0.066801 0.074415
0.072862 0.068491
0.078369 0.062115
0.083292 0.055339
0.087606 0.048219
0.091293 0.040812
0.094338 0.033172
0.096732 0.025356
0.098471 0.017421
0.099555 0.009420
0.099990 0.001409
0.099785 -0.006561
0.098952 -0.014440
0.097509 -0.022179
0.095477 -0.029733
0.092880 -0.037058
0.089744 -0.044114
0.086098 -0.050864
0.081975 -0.057273
0.077407 -0.063310
0.072430 -0.068948
0.067081 -0.074163
0.061397 -0.078933
0.055418 -0.083240
0.049181 -0.087070
0.042726 -0.090413
0.036092 -0.093260
0.029318 -0.095606
0.022443 -0.097449
0.015504 -0.098791
0.008537 -0.099635
0.001579 -0.099988
-0.005337 -0.099857
-0.012178 -0.099256
-0.018911 -0.098196
-0.025508 -0.096692
-0.031941 -0.094762
-0.038183 -0.092423
-0.044210 -0.089697
-0.050000 -0.086603
-0.055533 -0.083163
-0.060790 -0.079401
-0.065755 -0.075341
-0.070414 -0.071006
-0.074755 -0.066421
-0.078766 -0.061611
-0.082440 -0.056600
-0.085770 -0.051415
-0.088751 -0.046079
-0.091380 -0.040616
-0.093656 -0.035052
-0.095578 -0.029409
-0.097149 -0.023710
-0.098371 -0.017978
-0.099249 -0.012234
-0.099789 -0.006499
-0.099997 -0.000792
-0.099882 0.004866
-0.099452 0.010459
-0.098717 0.015969
-0.097687 0.021381
-0.096375 0.026680
-0.094792 0.031851
-0.092950 0.036883
-0.090862 0.041762
-0.088542 0.046480
-0.086002 0.051026
-0.083257 0.055392
-0.080321 0.059569
-0.077207 0.063553
-0.073930 0.067337
-0.070504 0.070917
-0.066941 0.074289
-0.063257 0.077451
-0.059463 0.080400
-0.055575 0.083135
-0.051604 0.085657
-0.047562 0.087965
-0.043464 0.090061
-0.039319 0.091946
-0.035140 0.093623
-0.030938 0.095094
-0.026722 0.096363
-0.022504 0.097435
-0.018293 0.098313
-0.014098 0.099001
-0.009927 0.099506
-0.005789 0.099832
-0.001692 0.099986
0.002358 0.099972
0.006354 0.099798
0.010290 0.099469
0.014160 0.098992
0.017959 0.098374
0.021682 0.097621
0.025326 0.096740
0.028885 0.095737
0.032358 0.094620
0.035740 0.093395
0.039030 0.092069
0.042225 0.090648
0.045323 0.089139
0.048324 0.087549
0.051226 0.085883
0.054028 0.084149
0.056730 0.082351
0.059332 0.080497
0.061833 0.078592
0.064235 0.076641
0.066538 0.074650
0.068743 0.072625
0.070851 0.070570
0.072862 0.068491
0.074780 0.066393
0.076604 0.064279
0.078338 0.062154
0.079983 0.060023
0.081540 0.057890
0.083013 0.055758
0.084402 0.053630
0.085712 0.051512
0.086943 0.049405
0.088099 0.047313
0.089182 0.045239
0.090194 0.043186
0.091138 0.041156
0.092017 0.039151
0.092833 0.037175
0.093589 0.035228
0.094288 0.033314
0.094931 0.031434
0.095522 0.029589
0.096064 0.027781
0.096557 0.026012
0.097007 0.024284
0.097414 0.022596
0.097781 0.020951
0.098110 0.019349
0.098404 0.017792
0.098666 0.016280
0.098897 0.014814
0.099099 0.013394
0.099275 0.012021
0.099426 0.010697
0.099555 0.009420
0.099664 0.008192
0.099754 0.007013
0.099827 0.005884
0.099885 0.004803
0.099929 0.003773
0.099961 0.002792
0.099983 0.001862
0.099995 0.000981
0.100000 0.000151
0.099998 -0.000629
0.099991 -0.001358
0.099979 -0.002038
0.099964 -0.002666
0.099947 -0.003245
0.099929 -0.003773
0.099910 -0.004250
0.099891 -0.004678
0.099872 -0.005055
0.099855 -0.005381
0.099840 -0.005658
0.099827 -0.005884
0.099816 -0.006059
0.099809 -0.006185
0.099804 -0.006260
0.099802 -0.006285
0.099804 -0.006260
0.099809 -0.006185
0.099816 -0.006059
0.099827 -0.005884
0.099840 -0.005658
0.099855 -0.005381
0.099872 -0.005055
0.099891 -0.004678
0.099910 -0.004250
0.099929 -0.003773
0.099947 -0.003245
0.099964 -0.002666
0.099979 -0.002038
0.099991 -0.001358
0.099998 -0.000629
0.100000 0.000151
0.099995 0.000981
0.099983 0.001862
0.099961 0.002792
0.099929 0.003773
0.099885 0.004803
0.099827 0.005884
0.099754 0.007013
0.099664 0.008192
0.099555 0.009420
0.099426 0.010697
0.099275 0.012021
0.099099 0.013394
0.098897 0.014814
0.098666 0.016280
0.098404 0.017792
0.098110 0.019349
0.097781 0.020951
0.097414 0.022596
0.097007 0.024284
0.096557 0.026012
0.096064 0.027781
0.095522 0.029589
0.094931 0.031434
0.094288 0.033314
0.093589 0.035228
0.092833 0.037175
0.092017 0.039151
0.091138 0.041156
0.090194 0.043186
0.089182 0.045239
0.088099 0.047313
0.086943 0.049405
0.085712 0.051512
0.084402 0.053630
0.083013 0.055758
0.081540 0.057890
0.079983 0.060023
0.078338 0.062154
0.076604 0.064279
0.074780 0.066393
0.072862 0.068491
0.070851 0.070570
0.068743 0.072625
0.066538 0.074650
0.064235 0.076641
0.061833 0.078592
0.059332 0.080497
0.056730 0.082351
0.054028 0.084149
0.051226 0.085883
0.048324 0.087549
0.045323 0.089139
0.042225 0.090648
0.039030 0.092069
0.035740 0.093395
0.032358 0.094620
0.028885 0.095737
0.025326 0.096740
0.021682 0.097621
0.017959 0.098374
0.014160 0.098992
0.010290 0.099469
0.006354 0.099798
0.002358 0.099972
-0.001692 0.099986
-0.005789 0.099832
-0.009927 0.099506
-0.014098 0.099001
-0.018293 0.098313
-0.022504 0.097435
-0.026722 0.096363
-0.030938 0.095094
-0.035140 0.093623
-0.039319 0.091946
-0.043464 0.090061
-0.047562 0.087965
-0.051604 0.085657
-0.055575 0.083135
-0.059463 0.080400
-0.063257 0.077451
-0.066941 0.074289
-0.070504 0.070917
-0.073930 0.067337
-0.077207 0.063553
-0.080321 0.059569
-0.083257 0.055392
-0.086002 0.051026
-0.088542 0.046480
-0.090862 0.041762
-0.092950 0.036883
-0.094792 0.031851
-0.096375 0.026680
-0.097687 0.021381
-0.098717 0.015969
-0.099452 0.010459
-0.099882 0.004866
-0.099997 -0.000792
-0.099789 -0.006499
-0.099249 -0.012234
-0.098371 -0.017978
-0.097149 -0.023710
-0.095578 -0.029409
-0.093656 -0.035052
-0.091380 -0.040616
-0.088751 -0.046079
-0.085770 -0.051415
-0.082440 -0.056600
-0.078766 -0.061611
-0.074755 -0.066421
-0.070414 -0.071006
-0.065755 -0.075341
-0.060790 -0.079401
-0.055533 -0.083163
-0.050000 -0.086603
-0.044210 -0.089697
-0.038183 -0.092423
-0.031941 -0.094762
-0.025508 -0.096692
-0.018911 -0.098196
-0.012178 -0.099256
-0.005337 -0.099857
0.001579 -0.099988
0.008537 -0.099635
0.015504 -0.098791
0.022443 -0.097449
0.029318 -0.095606
0.036092 -0.093260
0.042726 -0.090413
0.049181 -0.087070
0.055418 -0.083240
0.061397 -0.078933
0.067081 -0.074163
0.072430 -0.068948
0.077407 -0.063310
0.081975 -0.057273
0.086098 -0.050864
0.089744 -0.044114
0.092880 -0.037058
0.095477 -0.029733
0.097509 -0.022179
0.098952 -0.014440
0.099785 -0.006561
0.099990 0.001409
0.099555 0.009420
0.098471 0.017421
0.096732 0.025356
0.094338 0.033172
0.091293 0.040812
0.087606 0.048219
0.083292 0.055339
0.078369 0.062115
0.072862 0.068491
0.066801 0.074415
0.060219 0.079835
0.053157 0.084701
0.045659 0.088967
0.037775 0.092591
0.029559 0.095532
0.021068 0.097756
0.012365 0.099233
0.003515 0.099938
-0.005413 0.099853
-0.014347 0.098965
-0.023215 0.097268
-0.031941 0.094762
-0.040449 0.091454
-0.048665 0.087360
-0.056512 0.082501
-0.063917 0.076907
-0.070806 0.070615
-0.077111 0.063670
-0.082766 0.056122
-0.087709 0.048032
-0.091884 0.039464
-0.095239 0.030489
-0.097730 0.021185
-0.099321 0.011634
-0.099981 0.001924
-0.099691 -0.007854
-0.098438 -0.017606
-0.096219 -0.027237
-0.093042 -0.036649
-0.088924 -0.045743
-0.083893 -0.054424
-0.077985 -0.062597
-0.071249 -0.070168
-0.063742 -0.077051
-0.055533 -0.083163
-0.046697 -0.088427
-0.037321 -0.092775
-0.027497 -0.096145
-0.017328 -0.098487
-0.006919 -0.099760
0.003616 -0.099935
0.014160 -0.098992
0.024595 -0.096928
0.034798 -0.093750
0.044649 -0.089479
0.054028 -0.084149
0.062817 -0.077808
0.070904 -0.070517
0.078181 -0.062351
0.084551 -0.053397
0.089921 -0.043752
0.094212 -0.033527
0.097356 -0.022841
0.099299 -0.011822
0.099998 -0.000604
0.099429 0.010672
0.097581 0.021860
0.094462 0.032815
0.090096 0.043390
0.084524 0.053439
0.077804 0.062822
0.070011 0.071403
0.061239 0.079056
0.051593 0.085663
0.041196 0.091120
0.030183 0.095336
0.018701 0.098236
0.006907 0.099761
-0.005036 0.099873
-0.016956 0.098552
-0.028680 0.095799
-0.040035 0.091636
-0.050847 0.086108
-0.060950 0.079279
-0.070182 0.071236
-0.078393 0.062085
-0.085445 0.051953
-0.091216 0.040984
-0.095600 0.029336
-0.098512 0.017185
-0.099889 0.004715
-0.099689 -0.007879
-0.097898 -0.020397
-0.094524 -0.032637
-0.089605 -0.044396
-0.083201 -0.055475
-0.075403 -0.065684
-0.066322 -0.074842
-0.056096 -0.082784
-0.044885 -0.089360
-0.032869 -0.094444
-0.020243 -0.097929
-0.007220 -0.099739
0.005978 -0.099821
0.019121 -0.098154
0.031976 -0.094749
0.044311 -0.089646
0.055898 -0.082917
0.066519 -0.074666
0.075969 -0.065027
0.084063 -0.054160
0.090634 -0.042253
0.095543 -0.029516
0.098681 -0.016180
0.099967 -0.002490
0.099358 0.011297
0.096844 0.024917
0.092453 0.038106
0.086249 0.050602
0.078336 0.062153
0.068851 0.072519
0.057965 0.081483
0.045881 0.088849
0.032832 0.094453
0.019071 0.098160
0.004872 0.099876
-0.009476 0.099545
-0.023678 0.097150
-0.037435 0.092722
-0.050453 0.086331
-0.062449 0.078093
-0.073157 0.068164
-0.082332 0.056740
-0.089762 0.044053
-0.095266 0.030365
-0.098704 0.015967
-0.099979 0.001170
-0.099041 -0.013703
-0.095888 -0.028320
-0.090570 -0.042348
-0.083185 -0.055464
-0.073880 -0.067359
-0.062851 -0.077749
-0.050335 -0.086377
-0.036609 -0.093027
-0.021982 -0.097521
-0.006791 -0.099734
0.008609 -0.099590
0.023853 -0.097071
0.038572 -0.092212
0.052405 -0.085111
0.065007 -0.075917
0.076056 -0.064836
0.085266 -0.052124
0.092390 -0.038081
0.097231 -0.023044
0.099645 -0.007384
0.099548 0.008511
0.096919 0.024236
0.091803 0.039388
0.084307 0.053570
0.074605 0.066405
0.062929 0.077546
0.049569 0.086685
0.034862 0.093561
0.019188 0.097971
0.002957 0.099775
-0.013399 0.098901
-0.029436 0.095349
-0.044716 0.089191
-0.058812 0.080574
-0.071324 0.069714
-0.081892 0.056894
-0.090203 0.042453
-0.096005 0.026785
-0.099110 0.010322
-0.099410 -0.006474
-0.096870 -0.023126
-0.091541 -0.039153
-0.083554 -0.054085
-0.073119 -0.067478
-0.060522 -0.078928
-0.046118 -0.088080
-0.030318 -0.094645
-0.013584 -0.098406
0.003590 -0.099229
0.020689 -0.097065
0.037193 -0.091957
0.052594 -0.084038
0.066410 -0.073532
0.078201 -0.060742
0.087588 -0.046050
0.094258 -0.029901
0.097984 -0.012792
0.098625 0.004743
0.096140 0.022148
0.090587 0.038866
0.082125 0.054355
0.071007 0.068106
0.057578 0.079659
0.042263 0.088623
0.025553 0.094687
0.007994 0.097631
-0.009835 0.097340
-0.027339 0.093805
-0.043928 0.087125
-0.059034 0.077511
-0.072136 0.065272
-0.082774 0.050815
-0.090571 0.034627
-0.095243 0.017258
-0.096613 -0.000693
-0.094617 -0.018599
-0.089313 -0.035830
-0.080874 -0.051775
-0.069589 -0.065861
-0.055851 -0.077578
-0.040145 -0.086496
-0.023034 -0.092284
-0.005134 -0.094723
0.012900 -0.093714
0.030408 -0.089287
0.046742 -0.081598
0.061291 -0.070926
0.073511 -0.057665
0.082940 -0.042309
0.089218 -0.025437
0.092107 -0.007688
0.091493 0.010263
0.087401 0.027725
0.079990 0.044027
0.069549 0.058538
0.056488 0.070693
0.041322 0.080020
0.024652 0.086157
0.007142 0.088868
-0.010511 0.088054
-0.027600 0.083758
-0.043439 0.076165
-0.057394 0.065594
-0.068906 0.052487
-0.077516 0.037392
-0.082887 0.020938
-0.084816 0.003811
-0.083243 -0.013273
-0.078259 -0.029604
-0.070096 -0.044503
-0.059123 -0.057354
-0.045828 -0.067630
-0.030796 -0.074917
-0.014687 -0.078933
0.001796 -0.079537
0.017938 -0.076741
0.033043 -0.070703
0.046463 -0.061727
0.057632 -0.050242
0.066088 -0.036788
0.071495 -0.021989
0.073656 -0.006521
0.072525 0.008912
0.068207 0.023618
0.060950 0.036944
0.051135 0.048310
0.039258 0.057235
0.025903 0.063355
0.011716 0.066446
-0.002629 0.066427
-0.016462 0.063369
-0.029146 0.057483
-0.040112 0.049113
-0.048885 0.038716
-0.055105 0.026838
-0.058542 0.014085
-0.059109 0.001093
-0.056861 -0.011504
-0.051991 -0.023109
-0.044817 -0.033185
-0.035763 -0.041290
-0.025339 -0.047090
-0.014106 -0.050376
-0.002653 -0.051076
0.008441 -0.049249
0.018632 -0.045084
0.027440 -0.038883
0.034475 -0.031045
0.039452 -0.022039
0.042207 -0.012379
0.042696 -0.002592
0.041002 0.006808
0.037316 0.015348
0.031934 0.022623
0.025226 0.028315
0.017618 0.032206
0.009568 0.034187
0.001533 0.034260
-0.006054 0.032534
-0.012807 0.029213
-0.018408 0.024578
-0.022625 0.018970
-0.025316 0.012766
-0.026436 0.006353
-0.026036 0.000108
-0.024251 -0.005628
-0.021289 -0.010568
-0.017414 -0.014490
-0.012926 -0.017250
-0.008140 -0.018786
-0.003363 -0.019115
0.001121 -0.018328
0.005070 -0.016577
0.008297 -0.014063
0.010679 -0.011018
0.012156 -0.007685
0.012734 -0.004306
0.012480 -0.001099
0.011507 0.001750
0.009967 0.004099
0.008034 0.005857
0.005890 0.006984
0.003709 0.007490
0.001650 0.007430
-0.000160 0.006893
-0.001629 0.005993
-0.002705 0.004856
-0.003372 0.003609
-0.003653 0.002370
-0.003597 0.001237
-0.003276 0.000284
-0.002773 -0.000444
-0.002174 -0.000931
-0.001558 -0.001187
-0.000991 -0.001243
-0.000520 -0.001146
-0.000171 -0.000949
0.000050 -0.000708
0.000155 -0.000468
0.000170 -0.000266
0.000130 -0.000122
0.000069 -0.000038
0.000019 -0.000005
0.000000 0.000000
